test/testfiles/testfile.asc
ncols	432
nrows	288
xllcorner	3997369
yllcorner	2567847
cellsize	500
NODATA_value	-9999
[rows 37 to 73 of 288, columns 255 to 339 of 432]
-9999 -9999 -9999 -9999 -9999 -9999 -9999 -9999 -9999 -9999 -9999 -9999 -9999 -9999 -9999 -9999 -9999 -9999 -9999 -9999 -9999 -9999 -9999 -9999 -9999 -9999 -9999 -9999 1132 1101 1119 1083 1047 1042 867 819 795 887 916 893 799 737 777 813 667 578 641 610 715 645 688 782 823 -9999 838 798 729 630 637 704 675 536 506 464 453 435 425 419 418 426 457 513 528 532 400 415 466 566 537 566 653 672 654 609 583
-9999 -9999 -9999 -9999 -9999 -9999 -9999 -9999 -9999 -9999 -9999 -9999 -9999 -9999 -9999 -9999 -9999 -9999 -9999 -9999 -9999 -9999 -9999 -9999 1178 1156 1146 979 898 873 762 737 896 827 687 588 580 730 775 747 753 679 648 605 680 578 630 545 584 706 745 818 785 745 668 677 631 550 447 443 434 428 438 427 427 422 421 421 455 499 571 666 676 441 401 426 496 529 497 542 511 514 521 540 553
-9999 -9999 -9999 -9999 -9999 -9999 -9999 -9999 -9999 -9999 -9999 -9999 -9999 -9999 -9999 -9999 -9999 -9999 -9999 -9999 -9999 -9999 -9999 -9999 1179 1063 1029 820 758 764 688 683 622 612 663 562 536 578 645 660 647 586 538 514 514 514 543 630 668 791 907 808 648 719 617 495 437 433 434 430 430 427 427 427 427 423 424 443 547 591 674 719 712 435 401 442 466 459 455 454 477 483 480 461 482
-9999 -9999 -9999 -9999 -9999 -9999 -9999 -9999 -9999 -9999 -9999 -9999 -9999 -9999 -9999 -9999 -9999 -9999 -9999 -9999 -9999 -9999 -9999 -9999 1065 995 854 741 663 633 608 583 546 572 525 517 517 529 522 545 545 525 514 514 514 529 605 659 760 929 957 801 688 574 491 452 433 433 434 432 432 429 427 430 436 436 453 480 583 665 683 678 639 429 401 408 414 420 424 472 451 436 436 460 479
-9999 -9999 -9999 -9999 -9999 -9999 -9999 -9999 -9999 -9999 -9999 -9999 -9999 -9999 -9999 -9999 -9999 -9999 -9999 -9999 -9999 -9999 -9999 1096 1049 841 790 697 590 562 542 533 530 517 517 517 517 517 514 514 514 514 514 514 585 644 708 807 854 932 865 730 605 536 452 437 435 438 432 434 431 428 430 434 461 449 439 420 418 583 563 487 446 401 401 405 411 414 425 422 425 459 497 536 538
-9999 -9999 -9999 -9999 -9999 -9999 -9999 -9999 -9999 -9999 -9999 -9999 -9999 -9999 -9999 -9999 830 860 -9999 -9999 -9999 1050 1103 1083 963 948 852 672 585 540 518 517 517 517 517 517 517 557 572 524 623 514 514 578 681 707 808 975 961 831 759 631 476 453 441 438 437 435 436 433 430 433 433 429 426 425 429 414 407 407 407 407 401 401 401 401 412 411 422 426 480 446 471 551 575
-9999 -9999 -9999 -9999 -9999 -9999 -9999 -9999 -9999 -9999 -9999 -9999 -9999 -9999 968 1008 880 897 965 1043 968 1197 1130 1066 1009 838 767 563 548 540 517 517 517 539 548 534 532 601 707 741 806 863 676 514 559 679 798 813 783 711 572 506 450 441 441 441 436 435 436 434 431 433 429 429 441 440 411 413 407 407 411 430 426 417 413 408 406 412 417 424 426 453 500 520 566
-9999 -9999 -9999 -9999 -9999 -9999 -9999 -9999 -9999 -9999 -9999 -9999 -9999 -9999 1095 1052 1019 1107 1173 1141 960 1029 996 982 908 687 529 524 522 522 569 590 603 617 627 648 685 798 888 923 977 996 801 708 514 539 684 671 662 557 463 453 442 440 439 437 436 437 436 456 446 458 429 429 435 430 410 407 407 419 426 449 464 438 414 445 418 416 417 428 431 482 514 531 552
-9999 -9999 -9999 -9999 -9999 -9999 -9999 -9999 -9999 -9999 -9999 -9999 -9999 1097 978 888 781 784 787 974 922 905 947 806 702 537 589 623 678 716 712 747 722 770 792 841 880 975 1070 1058 1071 1066 885 551 512 463 463 457 519 468 446 445 443 444 443 442 439 452 443 464 471 453 434 429 446 437 441 407 428 472 478 492 473 443 415 414 446 462 420 425 431 437 443 454 517
-9999 -9999 -9999 -9999 -9999 -9999 -9999 -9999 -9999 -9999 -9999 -9999 1127 909 834 814 755 755 755 755 755 773 729 568 556 715 791 821 872 886 904 921 950 972 987 1029 1069 1154 967 978 991 932 737 550 503 461 458 456 451 450 447 445 442 442 442 457 457 453 455 501 448 440 447 446 440 443 409 477 504 505 491 480 472 473 469 421 445 472 422 427 429 444 517 544 567
-9999 -9999 -9999 -9999 -9999 -9999 -9999 -9999 -9999 -9999 -9999 1064 823 755 775 755 755 755 755 755 755 755 737 676 825 868 947 941 971 1032 1057 1119 1148 1159 1179 1200 1108 988 857 792 843 733 591 483 456 455 453 455 454 449 446 447 478 445 497 473 463 482 483 481 440 449 436 428 438 439 409 469 481 476 474 474 489 472 465 421 470 463 424 425 430 440 475 494 592
-9999 -9999 -9999 -9999 -9999 -9999 -9999 -9999 -9999 -9999 -9999 895 774 755 755 755 755 755 762 813 863 964 1007 1184 1178 1114 991 963 992 1023 1050 1087 1113 1104 1063 973 964 819 720 694 628 535 486 460 458 453 454 451 449 450 448 449 514 471 496 441 451 502 495 432 438 444 429 430 426 409 411 443 469 483 506 495 487 480 449 422 492 467 429 432 431 434 472 527 596
-9999 -9999 -9999 -9999 -9999 -9999 -9999 -9999 -9999 -9999 -9999 761 755 755 755 772 838 947 902 982 1021 1120 1155 1019 1026 930 859 818 972 1038 1014 998 962 890 860 796 736 687 640 615 615 505 479 466 461 452 451 453 451 451 449 505 490 493 485 429 433 426 427 432 428 425 427 424 429 409 421 438 449 505 519 491 461 444 426 431 490 473 440 430 431 432 458 468 480
-9999 -9999 -9999 -9999 -9999 -9999 -9999 -9999 -9999 -9999 -9999 781 779 827 931 957 1027 996 1043 1068 1077 953 902 841 809 790 696 722 809 801 882 871 856 800 748 726 635 637 636 614 570 478 471 462 458 455 455 451 451 451 450 491 482 464 460 429 429 432 423 423 427 437 423 423 418 432 443 463 489 495 503 502 485 452 452 468 469 477 491 441 434 434 438 487 554
-9999 -9999 -9999 -9999 -9999 -9999 -9999 -9999 -9999 -9999 -9999 894 907 953 1041 1096 1214 1191 1211 999 942 805 801 743 669 656 620 641 772 720 698 748 687 746 662 639 581 539 563 558 484 462 460 457 455 456 453 456 467 460 453 489 502 429 430 435 430 426 423 423 423 431 423 432 418 465 488 488 490 500 500 487 461 452 486 486 490 514 517 451 443 437 437 441 535
-9999 -9999 -9999 -9999 -9999 -9999 -9999 -9999 -9999 -9999 -9999 1055 1049 1092 1199 1270 1265 1371 1275 1194 1142 874 657 631 634 611 597 690 692 620 606 615 586 574 553 593 539 506 475 481 468 464 465 462 459 456 457 456 473 476 490 483 486 429 443 442 435 423 423 423 423 423 425 468 465 479 481 484 494 487 490 470 468 452 462 478 487 529 550 511 450 437 440 442 542
-9999 -9999 -9999 -9999 -9999 -9999 -9999 -9999 -9999 -9999 1287 1318 1295 1271 1255 1281 1259 1160 1135 1172 1004 738 637 607 564 566 570 575 586 593 556 538 553 499 493 475 462 472 473 473 461 465 467 461 460 460 458 457 484 494 484 499 453 428 453 433 423 423 453 454 469 447 443 462 496 488 479 484 487 487 496 502 459 455 476 504 514 533 534 489 450 441 443 444 456
-9999 -9999 -9999 -9999 -9999 -9999 -9999 -9999 -9999 1272 1023 1190 1097 1100 1151 1062 1019 1128 1015 823 680 659 587 555 529 524 504 489 500 482 478 467 468 466 461 450 454 452 455 461 461 479 480 476 464 462 463 485 496 495 515 465 449 433 428 423 423 440 515 529 487 443 443 467 494 546 489 483 512 533 537 533 464 475 455 500 480 535 534 477 506 458 445 445 449
-9999 -9999 -9999 1386 1343 1340 1321 1156 1074 1027 1037 949 821 978 1053 972 929 782 729 671 585 558 553 549 531 504 493 514 468 453 454 454 458 465 451 444 437 452 451 469 515 499 492 487 477 483 496 502 477 451 457 464 434 423 423 424 477 487 521 486 445 443 446 485 510 546 545 535 536 557 562 534 478 489 502 480 480 541 550 525 506 506 447 447 453
-9999 1215 1320 1127 1081 1064 1032 927 789 754 723 713 651 661 653 635 644 640 629 563 555 601 611 611 543 510 506 471 462 439 454 466 469 458 450 443 437 437 444 455 456 458 475 481 490 506 495 503 496 451 461 423 423 426 432 431 501 494 448 448 450 448 443 511 497 546 559 535 502 538 523 496 478 523 529 521 492 482 512 501 504 500 448 449 452
1193 1111 1169 992 956 851 789 745 675 643 616 607 595 578 570 568 563 550 545 545 587 580 542 533 522 499 471 460 437 437 440 437 455 437 437 437 437 437 437 437 437 437 437 437 520 502 469 466 451 423 423 431 431 431 473 485 455 449 448 453 451 451 450 443 466 492 531 538 489 489 504 515 486 554 541 535 527 523 516 512 481 472 451 451 456
1245 955 1052 892 777 737 692 659 603 598 591 547 560 554 545 522 516 512 561 580 547 518 480 478 474 488 480 437 437 437 437 437 437 437 437 437 437 450 450 455 455 450 469 449 423 460 448 438 423 423 429 435 433 466 456 457 452 455 452 454 454 492 466 450 443 479 508 493 489 497 565 548 512 510 536 541 543 568 596 561 592 559 452 453 459
1094 881 787 724 698 658 619 602 582 568 547 543 523 529 513 499 505 512 515 523 476 468 467 467 470 443 437 437 437 437 437 437 437 437 437 437 437 517 526 465 461 474 477 443 431 423 423 423 423 479 482 436 482 492 456 470 455 454 455 509 517 519 527 458 448 460 468 474 517 519 580 533 510 512 526 586 567 636 698 620 539 539 462 456 458
814 752 720 665 617 600 572 567 559 550 538 523 520 485 510 478 471 474 491 470 449 449 442 437 437 437 437 437 437 437 437 437 437 437 437 437 437 481 465 500 480 473 470 467 448 437 423 453 467 498 519 496 464 473 479 474 462 459 469 503 507 480 476 488 453 460 487 518 562 547 594 560 525 512 529 545 571 695 619 570 539 562 537 467 463
682 639 621 596 569 563 526 546 512 503 464 457 455 452 453 460 447 449 453 450 438 437 437 437 437 437 437 437 437 437 437 437 437 448 456 446 449 476 483 489 480 500 470 472 452 472 425 474 456 503 503 477 490 464 465 467 466 463 461 477 496 505 508 522 459 463 505 519 571 595 564 529 530 513 550 575 695 642 635 638 585 539 502 509 467
570 583 551 526 507 497 491 491 484 451 449 437 437 437 437 437 438 439 449 445 437 437 437 437 437 437 437 442 437 437 437 437 437 457 470 466 468 493 488 491 493 461 452 450 450 445 455 488 483 477 476 469 471 464 467 470 476 474 481 519 520 509 516 536 463 462 498 498 519 539 575 540 535 555 542 574 671 672 609 547 529 502 553 602 590
516 480 458 477 484 476 463 452 437 437 437 437 437 437 437 437 437 437 440 437 437 437 437 437 437 437 437 446 437 437 437 437 463 480 472 478 490 477 480 500 465 473 455 453 461 480 457 471 473 491 491 467 466 486 485 485 480 485 523 514 527 538 528 501 486 476 512 509 510 589 577 552 535 579 615 672 674 630 565 572 504 566 552 576 493
471 454 443 438 437 437 445 437 437 437 437 437 437 437 437 437 437 437 437 437 437 437 437 437 437 438 437 449 437 437 437 438 455 466 475 491 497 474 474 471 461 468 454 453 474 480 471 468 470 500 477 495 478 513 505 487 482 487 526 521 518 515 509 546 512 486 505 543 567 620 609 561 549 619 632 686 604 604 618 578 584 571 527 475 473
448 441 437 437 437 437 437 437 437 437 437 437 437 437 437 437 437 437 453 457 451 486 462 438 437 439 441 439 441 437 438 450 454 475 481 478 491 465 467 462 466 459 453 453 480 486 470 497 498 499 497 506 507 523 506 483 487 489 491 511 512 524 563 567 516 534 486 503 542 576 588 601 602 636 682 644 641 620 582 598 608 566 509 476 474
437 437 437 437 437 437 437 437 437 437 437 437 437 437 437 454 501 476 456 465 454 459 478 491 492 441 441 440 441 444 441 447 450 466 462 465 465 475 462 465 467 468 453 465 480 468 468 503 499 514 518 516 515 485 483 515 490 493 533 532 520 541 538 547 556 576 509 496 605 574 583 643 654 636 683 715 655 632 618 587 580 610 582 482 478
437 437 437 437 437 437 437 437 437 460 483 460 448 441 453 468 517 518 516 493 506 455 457 461 447 441 444 443 442 441 442 447 450 459 462 470 486 487 493 504 466 478 456 463 468 471 484 510 519 549 525 540 483 483 519 519 493 502 531 562 556 586 605 606 597 590 505 507 526 628 610 653 652 708 746 709 654 650 642 589 649 643 590 484 482
437 437 437 437 437 437 437 447 450 457 469 484 492 498 518 519 521 544 541 531 505 458 450 442 442 443 447 450 447 444 443 453 457 469 479 488 493 490 493 506 464 459 462 464 471 495 504 530 530 526 492 483 483 494 507 515 499 502 512 578 589 597 631 641 587 562 546 533 516 552 616 654 653 708 705 679 652 643 602 642 672 655 614 506 483
437 437 437 437 437 437 453 462 491 509 517 506 521 531 565 556 534 556 542 487 470 458 451 449 443 449 468 455 447 449 451 463 476 474 494 514 504 509 484 476 462 463 460 473 491 498 503 522 511 512 483 483 498 504 513 553 502 507 572 613 653 630 582 582 582 551 560 590 560 554 592 575 657 691 658 621 631 657 594 640 654 636 599 490 486
437 437 437 437 442 466 460 483 502 528 551 559 551 562 552 547 541 488 482 473 457 454 447 446 446 450 472 448 449 463 473 477 477 495 510 512 495 484 470 468 475 461 465 470 521 484 482 480 489 483 483 492 532 526 523 544 508 514 553 621 673 648 635 626 618 561 551 564 577 554 554 566 706 667 690 664 619 642 583 642 656 620 583 539 490
437 437 452 479 494 483 514 518 533 566 576 551 566 567 529 502 503 465 460 466 455 451 450 449 456 452 450 450 450 461 476 498 505 511 505 502 480 472 471 468 476 474 464 469 496 482 480 485 483 507 506 524 558 534 552 544 514 513 555 607 657 650 635 596 591 570 551 589 618 567 595 596 704 692 723 677 663 619 585 583 583 583 585 523 492
437 442 475 541 541 527 532 549 561 572 574 575 555 523 490 490 469 460 460 460 493 461 456 453 453 452 452 452 455 468 472 502 484 481 502 506 479 478 468 475 477 539 525 468 470 475 484 489 558 586 596 577 570 569 554 568 545 521 634 599 642 664 641 657 624 582 574 673 695 623 567 589 692 710 708 724 677 667 583 666 646 598 596 588 500
444 467 516 546 543 569 554 575 565 560 564 561 493 484 476 473 468 463 470 503 457 457 479 478 455 455 456 453 453 460 469 484 476 494 508 497 468 468 469 525 526 545 538 476 473 486 582 556 548 572 592 600 633 598 628 612 542 526 567 567 594 647 663 704 650 607 578 657 677 651 567 567 641 655 735 740 684 631 583 682 643 574 556 547 505
