test/testfiles/testfile.asc
ncols	432
nrows	288
xllcorner	3997369
yllcorner	2567847
cellsize	500
NODATA_value	-9999
[rows 148 to 184 of 288, columns 255 to 339 of 432]
964 953 943 928 939 974 945 832 798 713 608 566 558 558 558 603 616 606 597 594 560 558 558 558 558 567 576 580 658 686 778 920 1034 1068 1072 1095 1173 1099 1024 1006 994 1005 1004 1025 1014 1002 936 936 936 973 992 1041 1027 1078 1124 1071 982 968 894 869 947 1066 1104 1101 1113 1062 973 965 1031 1117 1358 1424 1368 1328 1293 1253 1322 1466 1494 1827 1981 -9999 -9999 -9999 -9999
899 855 869 878 890 865 860 829 806 757 635 588 558 558 558 558 616 613 585 586 572 558 558 558 559 560 572 573 650 705 811 1055 1069 1008 1063 1166 1135 996 936 928 973 978 977 961 1001 1017 989 976 955 936 936 936 980 1034 1069 1140 1181 1033 984 880 884 1025 1050 1045 978 945 945 945 1148 1310 1329 1275 1303 1212 1156 1266 1311 1441 1513 1948 1940 1848 1635 -9999 -9999
851 793 793 793 793 872 852 827 782 751 629 589 558 558 558 595 624 590 579 600 580 558 558 558 559 567 590 584 632 842 848 998 954 1014 1051 1006 997 940 891 914 971 946 937 934 980 980 982 976 976 936 936 988 998 993 1037 1105 1192 1285 1204 962 975 945 952 945 945 945 949 992 1155 1178 1160 1153 1185 1102 1177 1317 1358 1509 1567 1992 1868 1787 1580 1487 -9999
828 877 900 874 797 778 778 770 754 763 652 603 558 558 558 667 646 587 579 605 590 558 558 558 566 579 598 599 729 761 761 793 882 896 958 933 899 877 898 930 974 950 934 948 954 946 943 938 936 979 1014 1043 1061 1040 1108 1062 1116 1246 1200 1064 1051 999 945 945 945 945 945 949 1030 1034 1059 1035 1040 1093 1136 1194 1287 1501 1912 1918 1805 1694 1576 1478 1389
961 927 930 919 871 813 788 754 766 771 688 632 558 558 558 635 625 606 579 584 575 558 558 560 566 586 607 622 638 658 658 752 752 752 849 839 845 834 884 904 919 918 902 904 914 910 931 936 936 1010 1033 1048 1102 1111 1145 1155 1191 1220 1189 1199 1217 1220 1233 1214 1147 963 945 945 945 945 945 948 958 975 985 1139 1192 1462 1964 1830 1811 1797 1484 1442 1359
996 1014 1012 968 955 920 810 779 819 853 718 670 575 558 558 561 652 610 579 585 558 558 558 558 560 570 621 763 762 751 757 763 785 834 833 855 832 832 873 866 857 864 906 904 904 928 926 939 936 985 1060 1101 1158 1194 1244 1279 1343 1362 1315 1336 1383 1403 1388 1186 1111 1164 1175 1008 966 954 955 970 948 963 963 1042 1087 1363 1719 1768 1595 1569 1386 1307 1279
1021 1097 1118 1072 1050 961 832 807 791 796 724 646 565 558 558 558 655 647 592 579 572 558 558 584 605 601 624 774 755 700 753 827 876 880 889 891 856 838 832 849 863 868 889 906 914 957 949 961 998 1050 1139 1179 1314 1337 1403 1392 1476 1410 1455 1393 1376 1319 1195 1136 1174 1243 1218 1194 1217 1216 1068 1056 1037 1008 983 1023 1040 1143 1413 1444 1374 1374 1242 1279 1356
1038 1030 1074 1012 979 953 875 815 843 837 806 724 562 560 561 573 613 672 631 560 573 558 558 558 564 558 599 755 776 739 685 769 800 842 824 812 783 764 789 844 815 871 884 916 940 962 942 998 1044 1054 1210 1234 1331 1310 1236 1324 1406 1338 1256 1360 1281 1247 1162 1200 1306 1271 1326 1293 1294 1243 1319 1326 1163 1177 1164 1029 1023 1023 1159 1130 1217 1241 1265 1372 1385
947 921 932 909 839 857 930 915 881 869 753 658 571 568 567 580 597 589 586 558 558 558 558 558 558 558 558 711 738 756 705 685 744 752 761 755 703 688 688 703 703 714 751 911 914 942 971 1040 1178 1187 1187 1220 1183 1166 1141 1267 1218 1234 1169 1290 1291 1220 1204 1253 1414 1370 1375 1335 1380 1338 1354 1531 1441 1523 1551 1278 1206 1248 1120 1120 1156 1188 1229 1392 1448
816 816 821 832 919 960 913 985 949 871 750 630 576 589 599 652 660 613 623 585 558 558 558 558 558 558 558 632 662 645 637 645 674 700 688 688 688 724 773 753 815 847 864 751 867 933 1070 1125 1137 1050 1057 1088 1070 1083 1138 1073 1046 1050 1077 1119 1153 1159 1242 1250 1412 1457 1524 1515 1670 1646 1658 1914 1814 1839 1790 1683 1511 1405 1279 1120 1245 1341 1328 1393 1494
906 901 976 977 955 931 898 898 981 820 773 597 581 598 623 608 616 651 615 595 558 558 558 558 558 558 558 605 610 603 607 627 615 688 717 720 777 829 866 930 940 953 993 934 874 867 867 870 948 948 953 955 967 967 977 1015 1027 1041 1041 1043 1124 1171 1235 1329 1392 1651 2007 1904 1910 2103 2152 2011 1827 1764 1657 1516 1328 1270 1135 1217 1252 1398 1481 1396 1499
962 991 981 955 1048 1008 1010 954 878 741 683 589 586 669 686 643 626 634 622 606 566 558 558 558 558 558 558 562 569 577 587 591 702 766 777 806 851 875 904 954 1009 1027 1049 980 916 867 970 946 1020 1089 1086 1048 1075 1090 1079 1212 1259 1237 1218 1077 1083 1114 1267 1346 1679 1745 1957 1786 1780 1985 2059 1764 1784 1700 1591 1516 1250 1233 1159 1263 1444 1413 1445 1433 1503
982 1039 1035 1012 1068 1084 1013 978 863 702 640 595 595 719 732 665 626 627 638 612 598 577 558 558 558 558 560 563 566 576 590 609 701 736 813 866 929 956 980 984 1013 1144 1034 948 944 873 1005 1071 1061 1125 1150 1180 1170 1231 1218 1262 1370 1294 1199 1150 1134 1125 1187 1411 1880 1837 1819 1686 1752 1834 1862 1710 1697 1583 1445 1339 1347 1345 1175 1289 1453 1630 1671 1878 1883
1120 1109 1104 1130 1143 1082 990 888 811 662 622 602 602 664 681 695 649 626 631 623 608 593 560 561 564 558 558 559 563 568 653 692 693 765 869 923 1007 1056 1077 1039 1137 1062 1004 1073 921 930 944 1027 1120 1193 1181 1285 1270 1326 1314 1447 1395 1290 1199 1281 1284 1246 1206 1433 1766 1726 1709 1652 1698 1772 1687 1669 1538 1395 1348 1379 1452 1343 1237 1362 1452 1733 1823 2046 2051
1080 1166 1193 1210 1169 1140 1051 900 836 692 641 615 614 652 668 669 648 660 646 622 629 561 565 575 561 561 565 560 563 565 652 748 895 859 966 984 1035 1120 1142 1093 1204 1016 1004 1105 957 984 1039 982 1118 1133 1169 1198 1306 1386 1348 1449 1424 1305 1280 1352 1577 1488 1232 1417 1621 1626 1615 1534 1581 1708 1696 1563 1494 1500 1478 1530 1455 1364 1292 1571 1753 1792 1926 1830 1722
1220 1233 1268 1311 1268 1216 1111 1051 970 769 685 636 625 634 654 654 666 657 657 634 623 566 567 577 565 564 563 561 561 561 611 736 940 849 908 922 963 995 1019 1136 1203 1094 1075 1173 1003 1005 1136 1106 1106 1220 1328 1229 1266 1454 1418 1489 1654 1348 1603 1861 1757 1649 1435 1331 1585 1498 1473 1528 1681 1695 1640 1566 1587 1555 1507 1491 1401 1324 1375 1651 1858 1932 1765 1580 1526
1256 1332 1355 1422 1479 1171 1109 994 931 789 701 657 657 635 681 656 672 655 642 641 622 567 568 568 568 568 564 563 564 564 569 628 722 860 808 899 935 1012 1055 1139 1175 1097 1238 1119 1063 1012 1067 1142 1137 1326 1435 1279 1274 1484 1456 1721 1525 1461 1875 1808 1797 1770 1634 1495 1563 1459 1383 1578 1656 1636 1613 1567 1522 1497 1404 1395 1326 1324 1541 1836 1891 1675 1503 1294 1276
1341 1425 1384 1453 1459 1265 1162 1019 960 772 726 695 649 646 675 671 667 670 646 630 637 575 572 570 578 567 568 567 563 563 563 581 594 802 901 968 1005 1097 1110 1207 1272 1225 1256 1220 1075 1131 1175 1212 1300 1397 1446 1315 1335 1434 1535 1911 1640 1931 1820 1771 1776 1715 1605 1462 1362 1383 1383 1628 1686 1632 1580 1551 1501 1460 1526 1447 1394 1664 1795 1831 1709 1511 1364 1040 833
1475 1506 1441 1504 1426 1189 1137 967 889 799 763 707 657 666 711 693 683 669 639 635 627 632 573 583 576 571 566 566 564 563 572 563 569 670 760 847 925 1108 1064 1065 1163 1270 1394 1298 1224 1148 1181 1411 1341 1395 1504 1396 1404 1511 1748 1719 1773 1828 1779 1816 1747 1692 1446 1379 1246 1429 1473 1685 1744 1663 1593 1600 1534 1558 1561 1489 1564 1889 1860 1484 1434 1228 1056 759 581
1599 1547 1547 1560 1429 1223 1131 1040 1045 942 784 692 664 678 709 716 718 686 657 639 634 630 586 577 584 570 567 565 563 563 563 563 563 596 650 789 888 848 924 1129 1230 1311 1293 1214 1213 1105 1244 1276 1332 1500 1505 1468 1437 1811 1654 1505 1754 1666 1776 1744 1586 1495 1472 1302 1174 1352 1398 1529 1557 1605 1642 1651 1554 1609 1564 1617 1806 1720 1627 1175 1109 908 758 571 568
1713 1637 1550 1397 1345 1177 1184 1160 1131 1019 810 746 714 679 720 733 735 704 672 645 640 630 630 596 587 569 567 568 563 563 563 563 563 563 588 674 738 839 948 1089 1086 1180 1131 1111 1081 1091 1228 1324 1400 1558 1547 1529 1751 1719 1450 1383 1548 1719 1763 1723 1585 1493 1451 1223 1144 1225 1353 1385 1465 1570 1533 1519 1662 1723 1815 1968 1690 1405 1371 1073 865 656 568 568 568
1617 1496 1454 1362 1319 1314 1316 1308 1225 1131 927 821 745 738 699 696 737 704 679 645 649 637 632 616 625 580 566 565 564 563 563 563 563 563 563 573 622 780 1020 956 1112 1157 975 1007 1037 1151 1251 1342 1385 1503 1623 1918 1905 1524 1379 1379 1771 1892 1770 1726 1644 1593 1513 1313 1213 1134 1200 1260 1404 1412 1436 1501 1574 1698 1954 1482 1569 1203 1055 819 683 589 568 568 568
1512 1536 1480 1352 1347 1474 1524 1362 1218 1161 1051 935 833 799 761 703 696 713 700 654 647 645 643 642 592 621 564 564 563 563 563 563 563 563 563 563 563 646 903 882 1041 1057 896 934 1060 1207 1261 1404 1474 1581 1776 1745 1480 1393 1379 1633 2031 1843 1707 1646 1756 1569 1468 1363 1255 1072 1100 1298 1287 1307 1415 1516 1637 1832 1711 1307 1044 786 660 611 568 568 568 568 568
1465 1636 1552 1484 1440 1530 1413 1320 1329 1269 1148 1164 1006 907 870 743 699 696 682 700 668 643 644 642 633 602 625 592 563 563 563 563 563 563 563 563 563 563 750 804 876 902 803 914 1037 1136 1196 1393 1592 1863 1859 1554 1309 1281 1605 1860 1877 1816 1692 1493 1485 1500 1413 1248 1202 1072 1141 1181 1177 1297 1459 1527 1798 1733 1301 1005 843 625 575 568 568 568 568 568 568
1581 1732 1710 1707 1628 1767 1409 1603 1540 1336 1382 1359 1103 1150 1071 878 792 737 694 667 657 707 648 658 668 652 598 631 584 563 566 563 563 563 563 563 563 563 609 740 757 736 814 941 975 1085 1178 1518 1693 1465 1340 1241 1272 1375 1951 1983 1781 1758 1698 1492 1324 1415 1301 1149 1094 977 1027 1080 1380 1577 1672 1759 1512 1207 1039 776 634 568 568 568 568 568 568 568 568
1582 1790 1707 1800 1728 1744 1545 1617 1709 1620 1616 1520 1325 1291 1360 1165 1063 821 749 702 650 640 648 748 772 694 600 606 635 582 569 563 563 563 563 563 563 563 563 567 589 694 757 849 885 950 1142 1454 1519 1224 1241 1332 1842 1919 1935 1902 1697 1599 1494 1532 1410 1269 1208 1019 967 979 1200 1397 1661 1707 1485 1358 1177 912 805 600 568 568 568 568 568 568 568 568 726
1808 1872 1932 1955 1878 2011 1775 1782 1971 1939 1915 1861 1538 1582 1656 1432 1256 1139 1033 858 711 646 630 633 639 623 610 609 600 608 624 563 563 563 563 563 563 563 563 563 563 563 636 756 738 847 987 1332 1214 1102 1480 1904 1865 1815 1663 1630 1570 1345 1444 1563 1439 1242 1068 893 1002 1081 1502 1636 1395 1296 1097 1053 886 731 625 568 568 568 568 568 568 568 643 792 950
1918 2037 1937 1787 1717 1746 1901 1869 1855 1826 1702 1821 1820 1871 1816 1566 1589 1354 1174 1192 1078 809 674 630 617 613 611 609 608 603 643 635 606 563 563 563 563 563 563 563 563 563 563 563 581 722 827 1088 964 1204 1777 1790 1715 1689 1591 1491 1291 1328 1375 1469 1399 1032 893 893 1125 1284 1530 1383 1078 971 818 752 693 568 568 568 568 568 568 568 571 596 846 973 1245
1697 1826 1844 1698 1552 1490 1602 1533 1576 1576 1495 1528 1601 1765 1844 1610 1472 1433 1381 1282 1002 915 810 831 672 660 642 610 608 603 632 630 643 575 563 563 563 563 563 563 563 563 563 563 563 597 804 771 1104 1458 1620 1619 1607 1578 1290 1203 1138 1256 1327 1162 975 721 752 1007 1407 1574 1261 1119 841 753 660 600 576 568 568 568 568 568 656 616 738 825 1037 1279 1558
1507 1542 1740 1808 1528 1519 1345 1322 1329 1306 1344 1425 1516 1826 1905 2046 1838 1688 1541 1516 1231 1311 1176 1311 990 719 690 630 613 603 619 629 649 663 563 563 563 563 563 563 563 563 563 563 563 563 619 835 1369 1450 1445 1473 1510 1384 1165 1038 1031 1226 1215 1012 828 685 1072 1326 1145 1305 1011 861 656 635 591 568 568 568 568 568 568 568 706 773 896 1030 1392 1556 1813
1572 1305 1847 1942 1820 1622 1345 1192 1223 1618 1711 1697 1692 1785 1802 1861 1740 1916 1879 1913 1770 1673 1458 1299 910 798 749 681 643 619 605 624 649 645 627 624 620 600 563 563 563 563 563 563 563 563 563 856 1233 1263 1296 1300 1281 1216 1026 893 1057 1166 1182 856 685 744 1084 1037 833 786 568 642 616 586 568 568 568 568 568 568 568 762 934 1059 1065 1085 1507 1656 2089
1758 1202 1474 1539 1441 1419 1179 1179 1440 1608 1808 1752 1662 1838 1782 1596 1787 1899 1680 1615 1602 1546 1306 1195 1142 920 872 825 802 684 627 625 624 639 676 633 646 629 582 563 563 563 563 563 563 563 595 904 1050 1080 1142 1158 1111 945 776 895 1006 1013 1011 700 601 595 688 668 566 568 569 568 568 568 568 568 568 568 568 568 841 983 1191 1285 1368 1286 1497 2060 2042
1391 1208 1202 1260 1191 1179 1179 1313 1645 1778 1655 1562 1789 1776 1738 1621 1585 1702 1626 1503 1461 1418 1473 1328 1250 1180 1062 1106 1112 637 627 629 634 637 675 651 656 663 597 683 596 563 563 563 563 563 563 624 846 914 788 764 877 632 577 668 778 783 725 581 585 583 570 566 568 569 569 568 568 570 588 620 568 568 594 771 1073 1192 1425 1541 1747 1631 1694 2150 2098
1389 1346 1014 1014 1179 1274 1401 1453 1435 1450 1406 1322 1329 1394 1574 1424 1391 1525 1500 1352 1260 1336 1473 1433 1320 1389 1342 1295 1069 627 634 637 635 637 637 733 746 716 629 587 580 563 563 563 563 563 563 563 654 563 563 563 563 563 563 563 563 563 572 566 569 570 563 565 576 574 571 570 568 583 637 696 770 884 1091 927 1194 1391 1658 1826 2053 1954 1837 2148 2154
1152 1199 1122 1014 1152 1088 1116 1195 1215 1249 1224 1120 1146 1169 1157 1114 994 1312 1248 1230 1126 1218 1266 1204 1049 889 877 835 666 695 656 663 654 642 647 673 769 732 683 607 574 563 563 563 563 563 563 563 563 563 563 563 563 563 563 563 563 563 563 563 563 563 563 580 684 576 573 570 574 651 746 780 946 1104 1423 1406 1427 1764 1992 2117 2085 2073 1943 2102 2265
1042 990 996 998 925 999 1001 1040 1040 1034 1032 978 983 970 933 915 853 849 848 939 891 804 776 719 674 670 670 670 939 709 671 671 674 683 650 648 747 776 768 727 661 629 586 563 563 563 563 563 563 563 563 563 563 563 563 563 563 563 563 563 563 563 682 653 577 576 577 576 578 717 800 927 926 1262 1625 1736 1680 1944 2151 2086 2042 1951 2031 2161 2331
879 848 860 851 847 874 840 800 821 841 832 826 775 771 772 763 742 718 687 683 683 678 670 670 670 670 684 867 778 784 777 798 784 726 676 662 728 808 802 788 763 721 623 636 563 563 563 563 563 563 563 563 563 563 563 563 563 563 563 563 563 616 851 772 581 581 577 660 768 1066 1175 1154 998 1424 1758 1930 2123 2148 2132 2177 2398 2345 2417 2329 2503
