test/files/file.asc
ncols        256
nrows        256
xllcorner    3997369.000000000000
yllcorner    2583847.000000000000
cellsize     500.000000000000
NODATA_value -9999
[rows 114 to 151 of 256, columns 84 to 167 of 256]
-9999 -9999 -9999 -9999 -9999 -9999 -9999 -9999 -9999 -9999 -9999 -9999 -9999 -9999 -9999 -9999 -9999 -9999 -9999 -9999 -9999 -9999 -9999 -9999 -9999 -9999 -9999 -9999 -9999 -9999 -9999 -9999 -9999 -9999 -9999 -9999 -9999 -9999 -9999 -9999 -9999 -9999 -9999 -9999 -9999 -9999 -9999 -9999 1242 1109 1125 1090 1093 1097 1122 1082 978 980 1019 830 752 751 751 769 755 937 922 896 806 789 692 692 767 869 985 880 739 624 549 514 506 496 492 486
-9999 -9999 -9999 -9999 -9999 -9999 -9999 -9999 -9999 -9999 -9999 -9999 -9999 -9999 -9999 -9999 -9999 -9999 -9999 -9999 -9999 -9999 -9999 -9999 -9999 -9999 -9999 -9999 -9999 -9999 -9999 -9999 -9999 -9999 -9999 -9999 -9999 -9999 -9999 -9999 -9999 -9999 -9999 -9999 -9999 -9999 -9999 -9999 1178 1058 1076 1084 1048 1075 1017 873 822 814 838 751 751 751 751 751 751 751 751 703 762 692 742 865 936 1149 1144 843 645 590 509 503 464 461 461 437
-9999 -9999 -9999 -9999 -9999 -9999 -9999 -9999 -9999 -9999 -9999 -9999 -9999 -9999 -9999 -9999 -9999 -9999 -9999 -9999 -9999 -9999 -9999 -9999 -9999 -9999 -9999 -9999 -9999 -9999 -9999 -9999 -9999 -9999 -9999 -9999 -9999 -9999 -9999 -9999 1187 1168 1175 1138 1131 1174 1210 1152 1172 1092 979 1035 1010 1032 889 825 765 756 751 751 757 876 983 890 838 879 888 835 703 951 1006 1072 1231 1218 1092 801 645 575 507 497 482 463 486 438
-9999 -9999 -9999 -9999 -9999 -9999 -9999 -9999 -9999 -9999 -9999 -9999 -9999 -9999 -9999 -9999 -9999 -9999 -9999 -9999 -9999 -9999 -9999 -9999 -9999 -9999 -9999 -9999 -9999 -9999 -9999 -9999 -9999 -9999 -9999 -9999 -9999 -9999 1143 1125 1167 1134 1150 1145 1091 1155 1124 1147 1004 963 984 990 980 830 801 766 751 751 751 784 864 943 1243 1350 1065 1057 977 965 939 1138 1301 1335 1308 1138 877 763 630 561 496 489 485 486 489 439
-9999 -9999 -9999 -9999 -9999 -9999 -9999 -9999 -9999 -9999 -9999 -9999 -9999 -9999 -9999 -9999 -9999 -9999 -9999 -9999 -9999 -9999 -9999 -9999 -9999 -9999 -9999 -9999 -9999 -9999 -9999 -9999 -9999 -9999 -9999 -9999 -9999 -9999 1114 1155 1134 1150 1178 1174 1162 1058 1052 962 871 831 990 976 842 767 751 751 751 751 775 849 1014 1153 1379 1409 1152 1039 1133 1286 1262 1378 1362 1332 1279 1051 814 735 604 548 491 493 489 493 479 437
-9999 -9999 -9999 -9999 -9999 -9999 -9999 -9999 -9999 -9999 -9999 -9999 -9999 -9999 -9999 -9999 -9999 -9999 -9999 -9999 -9999 -9999 -9999 -9999 -9999 -9999 -9999 -9999 -9999 -9999 -9999 -9999 -9999 -9999 1105 1106 1105 1115 1114 1139 1124 1136 1175 1145 1105 1041 967 965 936 790 817 785 751 751 751 751 774 835 973 1039 1240 1294 1390 1449 1386 1412 1390 1377 1393 1292 1342 1259 1032 918 743 680 598 530 487 488 476 458 437 437
-9999 -9999 -9999 -9999 -9999 -9999 -9999 -9999 -9999 -9999 -9999 -9999 -9999 -9999 -9999 -9999 -9999 -9999 -9999 -9999 -9999 -9999 -9999 -9999 -9999 -9999 -9999 -9999 -9999 -9999 -9999 -9999 -9999 -9999 1074 1073 1095 1087 1077 1101 1114 1153 1155 1061 983 925 853 773 855 796 751 751 755 794 800 810 872 1022 1181 1236 1268 1321 1362 1431 1413 1428 1400 1364 1211 1245 1148 1115 917 825 682 648 577 511 476 464 457 437 437 437
-9999 -9999 -9999 -9999 -9999 -9999 -9999 -9999 -9999 -9999 -9999 -9999 -9999 -9999 -9999 -9999 -9999 -9999 -9999 -9999 -9999 -9999 -9999 -9999 -9999 -9999 -9999 -9999 -9999 -9999 -9999 -9999 -9999 1031 1052 1062 1056 1075 1082 1080 1128 1128 1117 1024 804 765 751 751 751 751 751 776 812 905 940 1039 1048 1191 1231 1230 1276 1331 1321 1381 1411 1396 1383 1257 1127 954 978 919 794 718 634 615 536 462 458 451 437 437 437 437
-9999 -9999 -9999 -9999 -9999 -9999 -9999 -9999 -9999 -9999 -9999 -9999 -9999 -9999 -9999 -9999 -9999 -9999 -9999 -9999 -9999 -9999 -9999 -9999 -9999 -9999 -9999 -9999 -9999 -9999 -9999 -9999 -9999 -9999 1029 1007 1004 1041 943 848 898 1087 964 837 751 751 751 751 755 843 919 882 914 1070 1075 1134 1206 1207 1199 1252 1296 1343 1321 1415 1385 1329 1245 1060 970 840 738 707 693 673 593 594 497 442 437 437 437 437 437 437
-9999 -9999 -9999 -9999 -9999 -9999 -9999 -9999 -9999 -9999 -9999 -9999 -9999 -9999 -9999 -9999 -9999 -9999 -9999 -9999 -9999 -9999 -9999 -9999 -9999 -9999 -9999 -9999 -9999 -9999 -9999 -9999 -9999 -9999 961 961 961 804 758 751 777 1060 794 751 751 751 751 751 821 988 952 1070 1105 1105 1113 1150 1161 1197 1258 1285 1306 1329 1354 1373 1335 1170 1062 917 799 753 681 652 599 564 555 516 454 437 437 437 437 437 437 437
-9999 -9999 -9999 -9999 -9999 -9999 -9999 -9999 -9999 -9999 -9999 -9999 -9999 -9999 -9999 -9999 -9999 -9999 -9999 -9999 -9999 -9999 -9999 -9999 -9999 -9999 -9999 -9999 -9999 -9999 -9999 -9999 -9999 1179 1024 1070 1056 934 832 815 751 761 751 751 751 751 751 776 924 917 1011 1127 1131 1152 1155 1184 1273 1287 1292 1308 1307 1325 1336 1330 1200 977 904 802 745 708 624 607 551 529 494 451 437 437 437 437 437 437 437 437
-9999 -9999 -9999 -9999 -9999 -9999 -9999 -9999 -9999 -9999 -9999 -9999 -9999 -9999 -9999 -9999 -9999 -9999 -9999 -9999 -9999 -9999 -9999 -9999 -9999 -9999 -9999 -9999 -9999 -9999 -9999 1210 1233 1209 1175 1170 1091 1001 923 964 835 751 751 751 751 751 780 805 871 1071 1130 1141 1148 1191 1283 1310 1317 1322 1302 1279 1268 1327 1323 1195 1073 874 819 747 683 652 595 557 503 488 445 437 437 437 437 437 437 437 437 437
-9999 -9999 -9999 -9999 -9999 -9999 -9999 -9999 -9999 -9999 -9999 -9999 -9999 -9999 -9999 -9999 -9999 -9999 -9999 -9999 -9999 -9999 -9999 -9999 -9999 -9999 -9999 -9999 -9999 -9999 -9999 1212 1191 1161 1155 1086 987 1118 1046 957 794 751 779 803 807 879 849 961 993 1117 1143 1148 1202 1244 1302 1337 1321 1278 1257 1220 1264 1311 1291 1047 926 814 725 686 632 596 544 538 476 437 437 437 437 437 437 437 437 437 437 437
-9999 -9999 -9999 -9999 -9999 -9999 -9999 -9999 -9999 -9999 -9999 -9999 -9999 -9999 -9999 -9999 -9999 -9999 -9999 -9999 -9999 -9999 -9999 -9999 -9999 -9999 -9999 -9999 -9999 -9999 -9999 1167 1174 1128 1088 923 843 783 775 775 751 751 904 1004 988 969 1050 1131 1133 1145 1147 1179 1233 1265 1315 1303 1218 1194 1146 1197 1243 1187 1089 905 851 763 674 627 576 551 521 511 440 437 437 437 437 437 437 437 437 437 437 437
-9999 -9999 -9999 -9999 -9999 -9999 -9999 -9999 -9999 -9999 -9999 -9999 -9999 -9999 -9999 -9999 -9999 -9999 -9999 -9999 -9999 -9999 -9999 -9999 -9999 -9999 -9999 -9999 -9999 -9999 1161 1132 1129 1015 928 817 791 775 876 898 1011 845 1011 1049 1062 993 1132 1203 1253 1255 1232 1229 1254 1270 1255 1203 1150 1123 1098 1056 1012 1032 938 847 761 726 651 616 584 557 500 440 437 437 437 437 437 437 437 437 437 437 437 437
-9999 -9999 -9999 -9999 -9999 -9999 -9999 -9999 -9999 -9999 -9999 -9999 -9999 -9999 -9999 -9999 -9999 -9999 -9999 -9999 -9999 -9999 -9999 -9999 -9999 -9999 -9999 -9999 1181 1152 1141 1080 1004 914 868 865 944 960 1009 1099 1236 1282 1177 1193 1189 1083 1170 1304 1304 1280 1293 1305 1300 1274 1173 1138 1113 1057 1057 1011 986 945 898 794 735 700 629 619 578 532 437 437 437 437 437 437 437 437 437 437 437 437 437 437
-9999 -9999 -9999 -9999 -9999 -9999 -9999 -9999 -9999 -9999 -9999 -9999 -9999 -9999 -9999 -9999 -9999 -9999 -9999 -9999 -9999 -9999 -9999 -9999 -9999 -9999 -9999 1160 1148 1080 1070 1041 1006 935 914 1086 1203 1194 1162 1311 1326 1363 1386 1319 1326 1177 1200 1242 1279 1279 1246 1255 1274 1234 1138 1145 1124 1075 1081 1123 1138 1058 875 785 698 659 615 615 542 445 437 437 437 437 437 437 437 437 437 437 437 437 437 437
-9999 -9999 -9999 -9999 -9999 -9999 -9999 -9999 -9999 -9999 -9999 -9999 -9999 -9999 -9999 -9999 -9999 -9999 -9999 -9999 -9999 -9999 -9999 -9999 -9999 1144 1141 1103 1102 1027 1026 1033 949 914 1200 1233 1338 1349 1309 1324 1383 1441 1341 1296 1276 1293 1309 1269 1309 1291 1236 1225 1205 1178 1151 1169 1153 1208 1251 1221 1190 1088 856 767 699 661 598 531 499 437 437 437 437 437 437 437 437 437 437 437 437 437 437 437
-9999 -9999 -9999 -9999 -9999 -9999 -9999 -9999 -9999 -9999 -9999 -9999 -9999 -9999 -9999 -9999 -9999 -9999 -9999 -9999 -9999 -9999 -9999 1103 1104 1101 1068 1047 1042 1021 1021 996 959 1073 1288 1370 1398 1394 1317 1391 1443 1458 1450 1380 1333 1272 1315 1345 1288 1234 1234 1243 1241 1257 1282 1229 1289 1309 1287 1267 1148 1035 790 732 669 639 603 501 454 437 437 437 437 437 437 437 437 437 437 437 437 437 437 437
-9999 -9999 -9999 -9999 -9999 -9999 -9999 -9999 -9999 -9999 -9999 -9999 -9999 -9999 -9999 -9999 -9999 -9999 -9999 -9999 -9999 1146 1120 1122 1067 1074 1043 1042 1072 1096 1100 1051 998 1232 1418 1302 1429 1404 1375 1402 1448 1392 1351 1251 1226 1224 1242 1304 1309 1311 1302 1340 1335 1277 1229 1264 1280 1254 1247 1219 1065 892 742 715 636 627 577 454 437 437 437 437 437 437 437 437 437 437 437 437 437 437 437 437
-9999 -9999 -9999 -9999 -9999 -9999 -9999 -9999 -9999 -9999 -9999 -9999 -9999 -9999 -9999 -9999 -9999 -9999 -9999 -9999 -9999 1134 1117 1072 1070 1046 1053 1056 1080 1111 1012 998 1196 1373 1274 1292 1472 1436 1429 1404 1364 1292 1231 1183 1190 1246 1282 1296 1204 1196 1286 1285 1268 1103 1063 1055 1044 1035 945 903 827 773 714 689 608 577 538 437 437 437 437 437 437 437 437 437 437 437 437 437 437 437 437 437
-9999 -9999 -9999 -9999 -9999 -9999 -9999 -9999 -9999 -9999 -9999 -9999 -9999 -9999 -9999 -9999 -9999 -9999 -9999 -9999 -9999 -9999 1082 1062 1050 1066 1056 1140 1145 1130 1016 1089 1338 1293 1274 1373 1531 1429 1384 1325 1283 1208 1197 1180 1231 1223 1203 1170 1128 1107 1006 950 1045 981 956 939 911 835 745 703 600 580 556 548 503 487 461 437 437 437 437 437 437 437 437 437 437 437 437 437 437 437 437 437
-9999 -9999 -9999 -9999 -9999 -9999 -9999 -9999 -9999 -9999 -9999 -9999 -9999 -9999 -9999 -9999 -9999 -9999 -9999 -9999 -9999 -9999 1148 1120 1092 1133 1160 1137 1169 1165 1076 1252 1304 1274 1413 1537 1494 1355 1317 1251 1193 1194 1233 1273 1144 1117 1082 1020 920 876 859 830 808 886 872 820 756 711 610 585 527 508 487 448 442 437 437 437 437 437 437 437 437 437 437 437 437 437 437 437 437 437 437 437
-9999 -9999 -9999 -9999 -9999 -9999 -9999 -9999 -9999 -9999 -9999 -9999 -9999 -9999 -9999 -9999 -9999 -9999 -9999 -9999 -9999 1163 1137 1095 1103 1138 1127 1136 1182 1076 1184 1282 1382 1479 1485 1488 1414 1317 1284 1210 1226 1168 1224 1221 1120 1045 882 837 783 776 758 747 732 731 694 733 623 611 559 505 472 455 445 437 437 437 437 437 437 437 437 437 437 437 437 437 437 437 437 437 437 437 437 437
-9999 -9999 -9999 -9999 -9999 -9999 -9999 -9999 -9999 -9999 -9999 -9999 -9999 -9999 -9999 -9999 -9999 -9999 1171 1179 1180 1144 1151 1088 1086 1120 1083 1136 1076 1113 1317 1305 1464 1455 1426 1358 1380 1282 1220 1208 1213 1226 1160 1148 939 856 748 703 693 683 690 676 673 649 583 558 517 558 477 468 472 438 437 437 437 437 437 437 437 437 437 437 437 437 437 437 437 437 437 437 437 437 437 468
-9999 -9999 -9999 -9999 -9999 -9999 -9999 -9999 -9999 -9999 -9999 -9999 -9999 -9999 -9999 -9999 -9999 1160 1141 1159 1161 1121 1108 1119 1116 1076 1076 1076 1177 1254 1329 1386 1440 1389 1356 1290 1232 1195 1207 1189 1189 1162 1030 940 745 695 654 618 613 591 593 590 584 542 483 476 458 473 478 468 454 437 437 437 437 437 437 437 437 437 437 437 437 437 437 437 437 437 437 437 437 441 466 475
-9999 -9999 -9999 -9999 -9999 -9999 -9999 -9999 -9999 -9999 -9999 -9999 -9999 -9999 -9999 -9999 -9999 1171 1147 1129 1123 1097 1097 1080 1080 1087 1076 1100 1183 1190 1332 1383 1351 1305 1291 1214 1197 1149 1119 996 1027 958 756 688 631 604 592 556 548 518 512 488 472 469 456 453 446 458 442 437 437 437 437 437 437 437 437 437 437 437 437 437 437 437 437 437 437 437 443 472 472 461 473 482
-9999 -9999 -9999 -9999 -9999 -9999 -9999 -9999 -9999 -9999 -9999 -9999 -9999 -9999 -9999 -9999 1219 1160 1145 1098 1089 1080 1080 1081 1082 1091 1083 1188 1118 1151 1197 1250 1248 1178 1176 1165 1149 1097 989 842 587 692 585 579 573 558 552 539 535 513 505 486 460 454 441 437 444 437 437 437 437 437 437 437 437 437 437 437 437 437 437 437 437 437 437 437 437 460 467 491 489 482 482 475
-9999 -9999 -9999 -9999 -9999 -9999 -9999 -9999 -9999 -9999 -9999 -9999 -9999 -9999 1241 1178 1155 1146 1135 1102 1098 1106 1097 1080 1088 1080 1157 1245 1098 1093 1121 1126 1119 1058 1084 1113 1056 1008 769 617 565 565 601 554 546 530 540 523 515 492 455 450 447 445 440 440 437 437 437 437 437 437 437 437 437 437 437 437 437 437 437 437 437 437 437 437 487 565 545 531 493 493 492 487
-9999 -9999 -9999 -9999 -9999 -9999 -9999 -9999 -9999 -9999 -9999 -9999 -9999 1209 1197 1186 1175 1111 1111 1103 1090 1087 1085 1099 1080 1090 1250 1161 1058 1072 1031 980 946 970 1010 1046 943 887 571 565 578 582 591 616 528 497 497 490 488 467 451 450 446 444 445 437 437 437 437 437 437 437 437 437 437 437 437 437 437 437 437 437 437 437 437 539 565 580 591 586 514 495 478 471
-9999 -9999 -9999 -9999 -9999 -9999 -9999 -9999 -9999 -9999 -9999 -9999 -9999 1200 1186 1192 1216 1193 1160 1127 1107 1106 1122 1115 1193 1242 1251 1047 1036 1038 1029 957 976 840 910 947 781 650 577 565 576 602 603 594 590 571 568 555 515 499 464 465 455 445 437 437 437 437 437 437 437 437 437 437 437 437 437 437 437 437 437 437 437 437 472 579 595 585 560 575 521 533 547 480
-9999 -9999 -9999 -9999 -9999 -9999 -9999 -9999 -9999 -9999 -9999 -9999 1200 1238 1266 1230 1209 1188 1167 1127 1123 1155 1171 1206 1248 1235 1213 1090 1043 1026 1026 1124 1172 1056 747 741 602 588 576 565 575 579 569 557 550 535 525 506 507 500 490 475 439 437 437 437 437 437 437 437 437 437 437 437 437 437 437 437 437 437 437 437 437 450 491 608 598 592 575 538 583 604 499 481
-9999 -9999 -9999 -9999 -9999 -9999 -9999 -9999 -9999 -9999 -9999 -9999 1271 1273 1251 1212 1188 1178 1137 1140 1156 1180 1251 1273 1264 1234 1183 1300 1359 1248 1231 1229 1182 1102 794 665 592 582 562 560 552 547 545 541 528 501 491 492 485 502 480 446 437 437 437 437 437 437 437 437 437 437 437 437 437 437 437 437 437 437 437 437 445 556 630 618 606 599 552 585 609 543 514 501
-9999 -9999 -9999 -9999 -9999 -9999 -9999 -9999 -9999 -9999 -9999 -9999 1277 1264 1269 1230 1209 1153 1153 1172 1221 1233 1266 1252 1301 1315 1409 1332 1208 1013 949 1212 1066 1022 637 625 590 579 553 554 548 544 520 502 499 495 500 491 447 437 437 437 437 437 437 437 437 437 437 437 437 437 437 437 437 437 437 437 437 437 452 494 520 644 635 647 615 578 599 612 532 514 524 558
-9999 -9999 -9999 -9999 -9999 -9999 -9999 -9999 -9999 -9999 -9999 1210 1234 1269 1234 1208 1166 1164 1191 1215 1234 1248 1281 1327 1441 1487 1395 1194 1115 923 804 737 989 802 621 607 575 535 509 534 531 517 505 466 466 460 484 457 437 437 437 437 437 437 437 437 437 437 437 437 438 437 437 437 437 437 437 437 437 460 532 600 636 624 652 628 590 578 615 594 524 540 562 581
-9999 -9999 -9999 -9999 -9999 -9999 -9999 -9999 -9999 -9999 -9999 1171 1163 1183 1200 1172 1203 1217 1210 1243 1246 1246 1313 1435 1408 1309 1262 1107 1032 1014 692 662 621 610 611 592 558 543 525 496 497 486 479 480 476 479 441 437 437 437 437 437 437 437 437 437 437 437 437 442 470 461 455 451 437 437 437 437 463 529 640 645 696 665 624 627 583 607 616 587 563 586 574 596
-9999 -9999 -9999 -9999 -9999 -9999 -9999 -9999 -9999 -9999 1145 1154 1135 1166 1172 1119 1249 1247 1233 1254 1240 1191 1162 1215 1275 1250 1173 1167 906 848 635 620 610 642 653 594 574 525 525 506 490 449 452 468 461 452 438 437 437 437 437 437 437 437 437 437 437 437 497 501 482 475 463 445 437 437 440 485 509 657 645 681 649 626 640 633 655 647 585 580 609 602 604 629
-9999 -9999 -9999 -9999 -9999 -9999 -9999 -9999 -9999 -9999 1090 1135 1169 1153 1132 1117 1143 1231 1223 1211 1157 1162 1227 1387 1300 1298 1326 1089 799 711 607 607 620 644 611 551 572 532 529 536 494 439 437 437 437 437 437 437 437 437 437 437 437 437 437 494 526 506 534 519 485 506 475 437 437 457 482 575 589 650 708 695 654 648 656 658 675 650 580 624 634 641 636 696
