test/files/file.asc
ncols        256
nrows        256
xllcorner    3997369.000000000000
yllcorner    2583847.000000000000
cellsize     500.000000000000
NODATA_value -9999
[rows 190 to 227 of 256, columns 168 to 251 of 256]
854 853 895 932 925 898 895 922 929 908 846 853 859 856 833 826 826 815 813 801 794 794 794 785 784 779 774 768 755 752 773 780 720 704 704 716 739 942 1194 1142 1113 1011 906 860 905 942 1019 1086 1277 1292 1430 1561 1457 1390 1451 1585 1761 1796 1814 1860 1888 1751 1472 1831 1770 1528 1557 1785 1769 2010 1899 1658 1162 1279 1473 1399 1135 1046 934 889 879 879 918 1224
894 885 921 895 888 908 928 918 911 887 885 869 847 833 845 844 846 814 821 822 824 798 799 795 789 789 782 771 756 752 781 772 731 704 704 706 725 906 1094 994 914 897 860 860 904 937 1022 1084 1146 1363 1475 1523 1580 1693 1713 1817 1839 1959 1828 1869 1594 1613 1409 1686 1508 1305 1418 1628 1684 1839 1466 1389 1163 1148 1315 1205 1062 1018 879 879 879 971 1148 1367
863 860 860 880 911 911 914 900 901 881 882 867 834 844 862 844 858 851 868 867 861 859 846 813 801 798 784 777 758 755 776 735 759 704 704 704 716 991 949 878 819 860 860 860 860 860 928 1161 1273 1340 1427 1701 1479 1375 1695 1760 1727 1756 1631 1616 1541 1352 1338 1444 1288 1351 1459 1525 1568 1684 1623 1577 1215 1077 978 933 903 879 879 1002 1072 1223 1214 1400
830 885 872 906 918 893 890 899 915 878 844 835 851 865 853 902 920 919 910 869 867 880 870 875 809 803 786 774 756 747 741 770 748 704 704 704 719 854 818 819 819 865 957 976 931 879 892 946 1273 1463 1591 1330 1185 1551 1717 1961 1735 1532 1476 1438 1283 1123 1287 1271 1132 1289 1323 1456 1628 1738 1697 1595 1435 1216 1129 1028 922 879 931 1210 1229 1357 1439 1609
853 924 910 919 900 886 893 917 867 841 844 864 859 899 946 996 982 986 985 950 927 913 870 892 855 849 785 765 752 736 730 746 739 704 718 704 704 748 851 858 883 879 928 1017 1313 1182 1137 944 944 944 1171 1060 1411 1577 1716 1638 1451 1398 1274 1273 1047 1047 1071 1071 1079 1163 1210 1521 1883 1840 1706 1560 1309 1291 1105 1039 934 879 1048 1266 1328 1461 1539 1673
896 901 905 880 840 858 864 850 833 834 853 858 871 957 1010 1054 1075 1085 1066 1014 970 924 950 936 890 862 783 751 744 738 723 753 749 704 704 712 773 798 865 903 999 1065 949 1241 1333 1328 1173 1114 1239 973 944 950 1473 1629 1392 1352 1221 1132 1047 1047 1049 1200 1092 1071 1071 1077 1215 1572 1701 1683 1564 1524 1391 1261 1175 1021 879 913 991 1153 1227 1395 1411 1560
878 891 896 872 799 799 847 848 830 846 854 892 937 1033 1096 1161 1168 1174 1149 1064 1007 936 1013 1010 961 904 811 741 727 715 715 719 706 704 704 735 911 943 1061 1135 1252 1349 1075 1162 1181 1390 1449 1298 1273 1000 1077 1107 950 950 1114 1090 1047 1047 1047 1166 1302 1224 1245 1226 1201 1092 1307 1620 1680 1622 1611 1547 1455 1390 1162 1060 900 913 1056 1335 1358 1457 1485 1590
867 883 833 799 799 868 823 829 845 849 860 944 992 1130 1174 1239 1258 1252 1167 1121 1053 952 1154 1206 1031 953 855 785 746 721 725 715 704 704 707 781 1075 1177 1300 1375 1591 1402 1164 1075 1205 1539 1617 1358 1311 1000 1337 1289 1172 1159 1047 1047 1047 1178 1297 1474 1329 1358 1453 1442 1390 1241 1304 1516 1544 1550 1591 1594 1430 1244 1173 1052 921 1011 1097 1283 1421 1599 1663 1675
838 826 776 783 862 855 823 836 843 908 924 1018 1091 1203 1239 1335 1350 1213 1132 1052 980 1050 1246 1294 1099 952 903 814 771 736 735 742 758 704 717 894 1246 1381 1575 1698 1424 1275 1281 1075 1115 1341 1499 1415 1257 1000 1244 1375 1317 1257 1231 1135 1261 1726 1571 1377 1340 1548 1578 1696 1566 1322 1241 1280 1313 1338 1524 1525 1458 1271 1244 997 921 1047 1152 1303 1463 1583 1866 1769
776 766 802 860 841 860 834 842 866 924 1026 1198 1187 1279 1302 1369 1203 1128 1065 1038 1075 1123 1344 1362 1143 993 971 894 830 766 753 778 747 704 881 1063 1350 1420 1636 1646 1517 1498 1284 1075 1075 1453 1484 1300 1012 1000 1429 1607 1383 1383 1448 1314 1243 1782 1622 1602 1445 1566 1745 1688 1460 1277 1253 1306 1309 1442 1519 1509 1392 1210 1139 968 927 935 1082 1274 1484 1607 1917 1816
763 793 864 847 845 831 831 865 887 978 1028 1137 1205 1345 1407 1335 1174 1118 1072 1038 1151 1201 1390 1211 1150 1147 1036 867 825 768 753 804 708 704 999 1124 1082 1135 1473 1650 1529 1324 1334 1102 1093 1352 1357 1332 1000 1109 1595 1712 1599 1574 1646 1447 1540 1520 1611 1692 1594 1799 1863 1584 1339 1253 1334 1471 1344 1467 1547 1446 1332 1121 1115 1059 981 927 1089 1241 1482 1694 1897 1950
833 853 837 844 837 831 835 865 901 1005 1097 1135 1222 1309 1317 1252 1148 1111 1048 1058 1211 1276 1309 1182 1156 1012 925 942 902 877 841 769 704 814 872 947 1093 1166 1437 1559 1512 1584 1361 1093 1194 1402 1526 1566 1026 1156 1457 1638 1972 2055 1919 1778 1582 1520 1520 1712 1735 1706 1586 1372 1253 1253 1389 1503 1452 1532 1625 1403 1300 1139 1213 1076 1161 943 1036 1180 1534 1700 1790 1805
868 843 841 831 831 831 832 888 914 1052 1165 1242 1272 1385 1341 1277 1142 1103 1095 1105 1190 1281 1309 1191 1216 990 1041 1147 1054 847 782 745 704 730 825 904 1024 1359 1616 1687 1493 1411 1246 1210 1380 1573 1736 1544 1055 1207 1535 1761 2017 1973 2032 1704 1529 1520 1542 1788 2037 1740 1462 1293 1321 1450 1463 1590 1544 1683 1591 1342 1287 1266 1224 1224 1204 943 996 1202 1589 1693 1666 1701
857 840 831 831 833 831 852 890 939 1157 1224 1304 1395 1452 1361 1293 1122 1246 1307 1333 1218 1314 1369 1312 1166 1089 1149 1174 975 887 793 764 712 707 796 851 1154 1540 1601 1646 1587 1233 1210 1323 1766 1841 1531 1373 1082 1149 1641 1851 1795 1725 1749 1530 1520 1550 1625 1916 1693 1589 1326 1293 1456 1473 1618 1750 1672 1641 1555 1317 1297 1298 1238 1195 988 943 1058 1237 1466 1457 1496 1535
836 831 831 831 874 834 856 930 1018 1192 1300 1375 1438 1457 1343 1277 1199 1322 1436 1422 1394 1412 1444 1220 1128 1155 1277 1291 1070 953 843 778 712 709 773 1036 1262 1391 1596 1614 1473 1210 1280 1631 1837 1762 1463 1417 1180 1182 1698 1790 1861 1616 1561 1531 1536 1656 1844 1877 1734 1615 1294 1349 1608 1630 1682 1862 1755 1519 1498 1394 1388 1301 1350 1139 943 943 1160 1215 1289 1449 1666 1833
851 831 831 838 831 841 864 971 1054 1248 1429 1460 1463 1433 1322 1251 1249 1296 1391 1529 1588 1661 1480 1343 1203 1298 1346 1281 1069 1006 811 725 714 716 774 1018 1137 1354 1552 1652 1538 1242 1491 1568 1745 1660 1883 1662 1652 1322 1486 1623 1725 1679 1639 1636 1621 1775 1793 1791 1683 1493 1332 1477 1645 1735 1966 1666 1559 1502 1507 1601 1484 1342 1179 1056 943 948 1047 1163 1319 1442 1651 1833
880 833 833 835 831 844 855 987 -9999 -9999 -9999 -9999 -9999 1413 1340 1299 1294 1364 1381 1565 1758 1881 1611 1367 1454 1486 1570 1299 1333 1043 738 718 715 762 860 1178 1317 1465 1666 1682 1435 1437 1518 1685 1847 2114 1962 1755 1538 1367 1402 1697 1836 1721 1713 1785 1921 1856 1745 1682 1531 1452 1485 1588 1758 2003 1825 1662 1676 1604 1601 1599 1555 1498 1186 993 943 943 1069 1183 1399 1611 1730 1900
850 832 854 826 -9999 -9999 -9999 -9999 -9999 -9999 -9999 -9999 -9999 -9999 -9999 -9999 -9999 1413 1453 1866 1826 1763 1607 1501 1476 1369 1320 1526 1120 916 719 722 721 808 1008 1233 1369 1686 1839 1563 1605 1656 1638 1757 2072 2135 1883 1700 1430 1398 1526 1755 1839 1812 1901 2005 1884 1940 1716 1594 1560 1452 1581 1709 1979 1809 1851 1758 1735 1674 1678 1587 1637 1430 1076 956 943 943 1076 1201 1427 1656 1611 1725
819 839 828 -9999 -9999 -9999 -9999 -9999 -9999 -9999 -9999 -9999 -9999 -9999 -9999 -9999 -9999 -9999 1586 1837 1774 1437 1372 1455 1363 1365 1251 1118 881 792 732 742 744 918 1069 1381 1485 1731 1844 1622 1744 1802 1759 1981 2054 1840 1522 1488 1398 1589 1576 1706 1804 2061 1865 1761 1819 1783 1628 1673 1550 1598 1588 1730 1881 1697 1676 1747 1697 1691 1654 1676 1466 1335 1027 1007 970 943 1178 1201 1539 1412 1511 1705
814 848 -9999 -9999 -9999 -9999 -9999 -9999 -9999 -9999 -9999 -9999 -9999 -9999 -9999 -9999 -9999 -9999 1688 1669 1547 1293 1339 1192 1345 1556 1218 1075 805 739 785 760 760 985 1151 1428 1500 1653 1842 1925 1888 1803 2110 1971 1704 1622 1693 1446 1401 1680 1651 1829 1848 1665 1661 1568 1700 1592 1740 1668 1715 1773 1726 1816 1717 1632 1574 1584 1553 1654 1578 1715 1381 1257 1007 1067 1007 943 1068 1099 1172 1355 1521 1782
801 -9999 -9999 -9999 -9999 -9999 -9999 -9999 -9999 -9999 -9999 -9999 -9999 -9999 -9999 -9999 -9999 -9999 1663 1428 1385 1266 1103 1087 1332 1424 1046 907 747 847 804 862 977 1104 1194 1239 1272 1407 1745 1851 1999 2141 1983 1899 1824 1840 1792 1475 1401 1644 1678 1907 1878 1807 1465 1471 1486 1534 1764 1854 1838 1758 1819 1786 1732 1639 1557 1419 1473 1508 1608 1539 1282 1171 1088 1155 1030 957 975 1181 1384 1505 1522 1601
841 -9999 -9999 -9999 -9999 -9999 -9999 -9999 -9999 -9999 -9999 -9999 -9999 -9999 -9999 -9999 -9999 -9999 1488 1359 1205 1158 1126 1066 1124 1228 901 796 747 813 796 964 1010 1064 1168 1288 1474 1382 1602 1666 1970 2228 1916 1945 2124 1821 1725 1401 1475 1688 1894 1813 1910 1672 1470 1398 1376 1556 1655 1872 1706 1590 1693 1898 1870 1772 1732 1520 1391 1407 1467 1312 1105 1088 1212 1280 1196 969 958 1278 1542 1592 1644 1734
-9999 -9999 -9999 -9999 -9999 -9999 -9999 -9999 -9999 -9999 -9999 -9999 -9999 -9999 -9999 -9999 -9999 -9999 1537 1289 1292 1326 1392 1407 954 1073 814 777 750 778 863 1130 1228 1211 1131 1382 1625 1570 1794 1837 2144 2222 2157 2162 1930 1610 1520 1435 1561 1979 1843 1674 1682 1595 1586 1537 1324 1488 1548 1667 1797 1551 1548 1711 1716 1682 1631 1494 1328 1341 1243 1142 1140 1211 1342 1330 1353 1019 958 1252 1529 1704 1715 1838
-9999 -9999 -9999 -9999 -9999 -9999 -9999 -9999 -9999 -9999 -9999 -9999 -9999 -9999 -9999 -9999 -9999 -9999 1432 1322 1504 1623 1473 1370 1103 954 796 752 750 829 986 1320 1277 1324 1398 1246 1560 1697 1848 1998 2278 2059 1861 1866 1815 1595 1365 1514 1664 1839 1689 1536 1754 1825 1716 1612 1259 1384 1596 1779 1792 1712 1590 1527 1581 1559 1479 1347 1242 1212 1142 1164 1276 1326 1404 1436 1441 976 958 1314 1544 1863 1792 1963
-9999 -9999 -9999 -9999 -9999 -9999 -9999 -9999 -9999 -9999 -9999 -9999 -9999 -9999 -9999 -9999 -9999 -9999 1456 1405 1719 1657 1545 1455 1125 973 777 750 750 919 1091 1402 1342 1518 1386 1339 1485 1639 1997 2199 1950 1790 1672 1751 1635 1332 1335 1587 1746 1577 1487 1427 1771 1757 1627 1539 1224 1382 1686 1815 1756 1680 1590 1444 1388 1450 1318 1270 1215 1222 1227 1235 1388 1400 1453 1471 1264 965 979 1371 1502 1802 1853 1748
-9999 -9999 -9999 -9999 -9999 -9999 -9999 -9999 -9999 -9999 -9999 -9999 -9999 -9999 -9999 -9999 -9999 -9999 1960 1623 1688 1632 1406 1260 1059 870 782 750 812 1012 1142 1472 1606 1567 1508 1397 1715 1621 1945 2167 1835 1692 1543 1547 1444 1301 1410 1660 1575 1465 1376 1423 1607 1731 1578 1436 1216 1482 1661 1705 1624 1605 1554 1410 1372 1292 1321 1271 1338 1342 1348 1289 1442 1546 1565 1382 1185 974 966 1241 1357 1528 1552 1568
-9999 -9999 -9999 -9999 -9999 -9999 -9999 -9999 -9999 -9999 -9999 -9999 -9999 -9999 -9999 -9999 -9999 -9999 1653 1607 1489 1407 1239 1168 948 824 775 795 873 1097 1228 1554 1804 1649 1487 1494 1761 1951 1997 2047 1848 1573 1463 1234 1193 1379 1523 1428 1397 1376 1377 1533 1705 1813 1570 1412 1216 1551 1740 1703 1559 1461 1409 1335 1292 1292 1393 1402 1494 1450 1443 1386 1668 1734 1723 1362 1208 1003 980 1066 1194 1334 1536 1586
-9999 -9999 -9999 -9999 -9999 -9999 -9999 -9999 -9999 -9999 -9999 -9999 -9999 -9999 -9999 -9999 -9999 1608 1525 1477 1369 1277 1146 1028 949 823 798 843 925 1275 1388 1693 1675 1749 1588 1656 1776 1964 1985 1777 1720 1399 1309 1189 1130 1262 1525 1275 1270 1228 1495 1665 1824 1839 1605 1461 1216 1495 1644 1564 1518 1310 1290 1240 1307 1344 1459 1487 1587 1698 1743 1473 1751 1862 1797 1388 1319 1052 981 1043 1257 1347 1521 1569
-9999 -9999 -9999 -9999 -9999 -9999 -9999 -9999 -9999 -9999 -9999 -9999 -9999 -9999 -9999 -9999 -9999 1687 1482 1352 1245 1192 1089 895 897 803 798 917 984 1164 1391 1382 1674 1737 1750 1815 2089 2103 1715 1637 1492 1369 1326 1301 1253 1104 1130 1111 1197 1315 1597 1576 1673 1600 1497 1145 1221 1468 1499 1508 1390 1231 1216 1245 1364 1431 1578 1531 1743 1811 1831 1643 1840 1868 1710 1498 1377 1125 1030 1001 1100 1196 1465 1550
-9999 -9999 -9999 -9999 -9999 -9999 -9999 -9999 -9999 -9999 -9999 -9999 -9999 -9999 -9999 -9999 -9999 1686 1582 1423 1203 1061 959 841 820 798 798 1013 1297 1203 1335 1487 1643 1717 1958 2073 1858 1768 1680 1364 1420 1381 1478 1477 1470 1269 1093 1226 1228 1217 1402 1353 1414 1347 1209 1145 1227 1264 1280 1402 1340 1174 1198 1256 1433 1503 1689 1629 1735 1853 1823 1699 1858 1840 1759 1557 1441 1202 1111 1021 1001 1001 1227 1324
-9999 -9999 -9999 -9999 -9999 -9999 -9999 -9999 -9999 -9999 -9999 -9999 -9999 -9999 -9999 -9999 1696 1608 1494 1386 1143 959 968 905 829 838 1013 1331 1437 1493 1571 1650 1783 1899 1958 1799 1867 1493 1447 1243 1262 1337 1470 1603 1406 1223 1087 1142 1094 1045 1013 1015 1143 1045 1095 1187 1177 1127 1114 1128 1144 1152 1197 1270 1491 1619 1764 1709 1776 1856 1802 1797 1877 1797 1711 1508 1416 1298 1248 1187 1061 1003 1018 1076
-9999 -9999 -9999 -9999 -9999 -9999 -9999 -9999 -9999 -9999 -9999 -9999 -9999 -9999 -9999 -9999 1818 1649 1421 1225 1016 1082 1014 846 829 1137 1186 1196 1404 1486 1638 1741 1701 1896 1791 1584 1719 1313 1253 1125 1163 1304 1324 1459 1246 1124 1042 1031 1005 994 994 1022 1033 1033 1207 1114 1114 1114 1114 1114 1114 1138 1188 1315 1503 1620 1914 1809 1896 1907 1856 1845 1876 1799 1824 1584 1406 1515 1472 1519 1313 1194 1028 1033
-9999 -9999 -9999 -9999 -9999 -9999 -9999 -9999 -9999 -9999 -9999 -9999 -9999 -9999 -9999 1736 1563 1461 1389 1143 1016 1070 1020 829 903 1008 1032 1166 1392 1373 1438 1377 1615 1767 1739 1375 1447 1215 1103 1057 1122 1144 1229 1275 1060 994 994 994 994 1010 1157 1128 1093 1129 1118 1114 1114 1114 1114 1114 1114 1114 1179 1247 1562 1711 1831 1730 1672 1725 1675 1627 1704 1700 1823 1573 1600 1554 1581 1658 1607 1523 1044 1028
-9999 -9999 -9999 -9999 -9999 -9999 -9999 -9999 -9999 -9999 -9999 -9999 -9999 -9999 -9999 1799 1524 1481 1258 1047 1016 1099 1110 941 911 903 983 1058 1290 1226 1174 1154 1214 1353 1627 1373 1126 1049 1005 990 1004 1063 1140 1119 994 994 1007 1051 1142 1274 1335 1296 1426 1251 1283 1567 1487 1242 1114 1114 1114 1114 1126 1174 1540 1613 1622 1552 1526 1425 1407 1407 1438 1636 1690 1721 1623 1593 1690 1773 1602 1501 1305 1028
-9999 -9999 -9999 -9999 -9999 -9999 -9999 -9999 -9999 -9999 -9999 -9999 -9999 -9999 -9999 1678 1519 1368 1185 1016 1016 1249 1375 1107 903 903 964 1067 1122 969 958 960 1116 1157 1120 1109 1014 951 955 967 981 981 995 994 994 1065 1204 1261 1390 1472 1410 1391 1447 1495 1645 1571 1445 1206 1310 1246 1114 1114 1118 1172 1399 1414 1341 1340 1319 1370 1414 1445 1407 1537 1690 1716 1687 1688 1836 1755 1604 1631 1432 1033
-9999 -9999 -9999 -9999 -9999 -9999 -9999 -9999 -9999 -9999 -9999 -9999 -9999 -9999 -9999 1658 1545 1250 1093 1016 1091 1449 1638 1400 1009 903 903 903 903 903 903 911 911 911 911 911 911 925 925 925 998 1009 994 994 1189 1287 1444 1474 1493 1597 1621 1653 1548 1760 1629 1404 1295 1354 1424 1335 1114 1114 1114 1178 1194 1200 1220 1319 1389 1506 1556 1629 1548 1462 1823 1794 1769 1784 1827 1668 1702 1671 1507 1083
-9999 -9999 -9999 -9999 -9999 -9999 -9999 -9999 -9999 -9999 -9999 -9999 -9999 -9999 -9999 1514 1482 1228 1062 1028 1152 1646 1580 1600 1250 1066 1114 1099 903 903 903 981 1027 911 911 932 944 1007 1068 1119 1144 1146 1147 1098 1276 1543 1738 1567 1706 1844 2096 1818 1623 1810 1622 1342 1375 1449 1523 1442 1183 1114 1114 1114 1174 1276 1315 1347 1425 1685 1710 1727 1519 1462 1781 1955 1855 1857 1789 1671 1842 1736 1505 1110
-9999 -9999 -9999 -9999 -9999 -9999 -9999 -9999 -9999 -9999 -9999 -9999 -9999 -9999 -9999 1336 1290 1323 1118 1067 1269 1484 1628 1747 1264 1197 1327 1102 1093 1114 1220 1218 1053 949 933 963 1005 1227 1352 1326 1338 1178 1214 1230 1321 1477 1719 1776 1939 2109 2004 1756 1761 1716 1598 1342 1499 1544 1516 1393 1122 1114 1173 1123 1131 1319 1437 1580 1510 1681 1873 1789 1737 1557 1623 1838 2170 2063 1728 1767 1984 1758 1499 1154
