test/files/file.asc
ncols        256
nrows        256
xllcorner    3997369.000000000000
yllcorner    2583847.000000000000
cellsize     500.000000000000
NODATA_value -9999
[rows 114 to 151 of 256, columns 168 to 251 of 256]
465 437 437 437 437 437 437 437 437 437 437 437 437 437 437 437 437 437 437 437 437 437 437 437 437 437 437 437 437 437 437 437 437 437 501 563 602 594 547 438 437 437 437 437 437 437 437 437 437 437 440 442 469 479 491 488 499 504 508 472 472 583 504 485 541 532 532 532 532 599 590 564 565 574 549 541 559 564 600 603 584 580 579 580
438 437 437 437 437 437 437 437 437 437 437 437 437 437 437 437 437 437 437 437 437 437 437 437 437 437 437 437 437 437 437 461 541 552 601 610 591 560 509 437 445 437 437 437 437 437 437 437 437 437 443 460 469 488 495 493 488 497 499 520 472 519 550 559 552 532 532 532 541 533 536 567 563 564 547 537 533 533 533 533 533 533 533 533
437 437 437 437 437 437 437 437 437 437 437 437 437 437 437 437 437 437 437 437 437 437 437 437 437 437 437 437 441 456 459 488 545 581 619 585 478 498 437 437 437 440 437 437 437 437 437 437 441 456 480 469 479 469 469 488 490 490 472 472 542 540 532 532 545 578 588 575 585 533 533 533 533 533 533 533 533 533 533 533 533 533 533 550
437 437 437 437 437 437 437 437 437 437 437 437 437 437 437 437 437 437 437 437 437 437 437 437 437 437 455 455 464 476 506 485 523 543 534 482 437 437 437 437 437 437 437 437 437 437 454 451 482 501 512 486 492 478 469 494 502 492 472 472 551 549 544 550 596 617 609 604 612 618 614 616 533 533 533 533 533 533 537 533 533 557 568 570
437 437 437 437 437 437 437 437 437 437 437 437 437 437 437 437 437 437 437 437 437 437 474 453 462 468 479 501 496 507 487 493 497 497 451 437 437 437 437 437 437 437 437 441 437 437 454 451 474 505 515 502 503 485 474 497 497 546 472 472 563 556 609 646 679 710 700 631 641 649 650 651 602 593 578 553 592 616 622 571 533 543 578 561
437 437 437 437 437 437 437 437 437 437 437 437 437 437 437 437 437 437 437 437 445 467 459 482 480 537 536 507 512 526 487 484 445 437 437 437 437 437 437 437 437 437 438 437 439 443 485 507 527 514 509 509 515 493 485 513 526 513 472 521 568 549 623 644 673 688 691 652 650 643 618 613 575 565 577 565 604 595 573 533 566 562 558 562
437 437 437 437 437 437 437 437 437 437 437 437 437 437 437 437 437 437 437 449 485 507 530 516 543 546 558 555 505 506 467 437 437 437 437 437 437 437 437 437 437 437 437 466 468 508 552 559 576 520 505 502 500 496 490 529 518 513 473 481 538 583 630 634 660 679 712 600 588 592 573 565 565 565 565 570 566 555 542 546 551 560 558 558
437 437 437 437 437 437 437 437 437 437 437 437 437 437 437 437 437 437 487 482 488 550 539 530 557 568 575 528 465 437 437 437 437 437 437 437 437 437 437 437 437 437 460 472 509 539 572 566 558 530 517 501 496 515 504 503 522 536 473 474 578 623 619 611 649 654 603 588 588 588 565 570 576 574 589 604 599 580 573 585 561 564 560 559
437 437 437 437 437 437 437 437 437 437 437 437 437 437 437 437 437 455 486 491 517 567 554 566 555 555 539 473 437 437 437 437 437 437 437 437 437 437 437 437 443 452 493 518 568 543 557 574 550 543 521 527 504 504 520 518 528 532 475 489 572 621 593 580 588 616 611 588 608 597 573 573 587 597 601 598 597 584 573 586 591 566 563 568
437 437 437 437 437 437 437 437 437 437 437 437 437 437 437 437 474 482 508 556 536 556 547 531 521 523 437 437 437 437 437 437 437 437 437 437 437 437 437 450 447 458 514 524 544 560 593 577 567 562 557 538 550 510 516 534 522 478 504 540 518 541 580 594 604 594 588 588 624 625 629 606 627 644 639 626 629 603 579 569 567 610 659 656
437 437 437 437 437 437 437 437 437 437 437 437 437 437 437 437 477 503 500 507 511 510 505 506 482 437 437 437 437 437 437 437 437 437 437 437 437 437 448 452 450 472 532 535 545 571 581 564 564 580 581 533 543 527 531 528 518 512 505 559 556 579 596 602 609 615 617 605 629 628 625 631 653 668 678 660 653 644 606 576 598 614 679 691
437 437 437 437 437 437 437 437 437 437 437 437 437 437 471 462 489 496 495 510 510 497 500 467 437 437 437 437 437 437 437 437 437 437 437 438 437 445 448 458 476 475 538 570 562 572 567 593 613 574 563 529 524 524 539 545 528 505 505 551 567 589 586 606 615 618 610 620 642 636 625 633 652 677 669 679 671 623 578 601 605 633 653 616
437 437 437 437 437 437 437 437 437 437 437 437 446 470 481 491 500 495 501 500 488 461 447 437 437 437 438 437 437 437 437 437 437 437 437 446 451 482 477 474 474 514 542 547 568 566 567 608 602 560 532 529 529 524 529 529 521 505 505 552 561 582 551 621 608 633 628 634 630 625 625 652 661 669 675 665 671 578 642 676 685 653 596 588
437 437 437 437 437 437 437 437 437 437 437 437 466 474 506 505 508 499 504 488 476 437 437 437 437 437 437 439 437 437 437 437 437 459 458 458 453 459 477 480 530 553 535 549 549 571 601 579 576 579 562 524 524 524 524 525 537 505 505 508 530 537 581 624 616 642 643 643 642 665 627 647 648 658 652 639 606 600 655 658 656 655 617 610
437 437 437 437 437 437 437 437 437 437 448 455 480 485 510 518 516 501 490 464 437 437 437 437 437 437 437 437 437 437 440 437 437 462 451 455 461 477 488 512 607 640 580 567 539 559 559 562 575 597 529 525 546 563 524 525 545 505 505 555 589 572 570 599 623 635 634 645 593 656 624 659 648 651 674 669 600 637 669 673 684 676 614 651
437 437 437 437 437 437 437 437 450 453 462 472 477 481 503 510 510 498 493 453 437 437 437 437 437 437 437 437 437 437 437 453 481 451 477 454 486 502 554 562 606 591 583 556 538 538 538 556 549 537 537 549 549 558 518 505 505 505 505 584 594 601 591 584 577 589 606 593 632 624 628 640 644 646 652 624 609 656 680 728 752 734 634 667
437 437 437 437 437 437 437 449 459 456 465 475 483 488 485 494 495 486 479 440 437 437 437 437 437 437 437 437 437 437 437 446 446 459 490 495 558 562 546 571 592 572 541 538 538 552 557 538 537 537 575 575 545 511 505 505 505 505 505 505 505 514 569 574 571 573 566 550 575 581 594 646 658 645 654 664 659 662 701 741 731 687 650 671
437 437 437 437 437 437 448 461 470 461 481 475 475 489 486 474 483 471 458 437 437 437 437 437 437 437 437 437 437 441 460 474 470 483 479 516 562 561 553 627 631 541 543 561 557 582 575 555 541 579 607 606 528 505 505 527 544 540 528 511 516 510 510 530 567 540 540 540 540 540 540 555 556 569 568 597 680 677 653 654 648 661 655 657
437 437 437 437 455 455 466 476 482 487 483 485 477 480 476 461 455 446 437 437 437 437 437 437 437 437 437 462 437 452 474 505 491 507 479 514 557 555 557 599 558 551 588 581 594 574 583 583 576 556 562 556 534 505 535 551 555 582 604 542 577 571 535 517 517 548 584 586 548 540 540 543 543 554 565 565 662 713 685 648 662 653 653 655
437 437 437 461 471 484 484 483 485 479 482 493 490 472 455 443 439 437 437 437 437 437 437 437 437 437 439 454 467 503 488 505 479 479 502 501 550 532 532 532 539 551 578 617 591 600 611 599 584 561 536 512 512 548 555 565 584 577 577 596 582 565 563 585 596 609 608 603 591 621 619 621 640 670 617 582 621 668 648 648 669 658 690 716
437 437 463 474 474 488 488 498 487 480 477 477 475 449 446 438 437 437 437 437 437 439 437 437 439 448 451 470 483 491 516 517 486 513 547 533 532 542 532 549 600 569 594 608 601 633 644 608 567 556 544 550 566 544 544 579 580 592 603 597 606 598 572 593 610 600 592 591 591 624 639 654 685 654 617 582 619 641 667 681 669 725 780 791
437 459 473 484 481 496 506 503 494 466 459 449 449 439 438 437 437 437 437 437 437 437 437 438 441 461 469 506 512 615 542 496 590 596 569 570 552 565 570 584 590 591 601 615 612 641 612 579 560 548 550 551 544 578 589 582 579 636 626 628 636 620 598 591 595 594 591 593 591 645 640 698 670 649 664 582 651 663 684 727 732 732 727 727
468 473 479 479 494 498 495 494 488 459 457 441 441 438 438 439 438 437 437 437 437 437 441 443 453 485 515 526 625 578 496 558 600 585 607 586 592 574 579 593 578 611 671 666 630 626 591 574 548 557 551 554 561 584 585 605 600 605 616 626 646 637 634 618 599 604 612 604 608 646 654 660 693 691 689 598 666 704 739 766 755 729 769 779
472 478 483 485 498 504 490 475 473 451 446 441 441 441 439 438 438 437 437 437 437 444 449 458 488 514 521 601 587 545 532 556 558 566 585 580 575 574 574 574 574 616 658 673 666 635 611 571 548 565 554 572 591 605 594 607 624 629 605 605 628 631 631 599 635 647 636 620 622 645 680 666 707 746 688 653 651 703 721 824 845 763 808 883
479 482 483 484 495 501 490 463 465 442 442 441 441 441 439 439 438 438 437 439 465 448 461 531 523 528 524 578 545 534 558 580 594 578 580 589 589 604 639 600 574 608 666 668 642 619 573 548 561 571 567 589 596 608 621 629 635 633 637 624 614 612 612 674 662 674 696 647 645 669 748 747 730 741 704 700 651 684 727 764 738 727 736 764
483 480 481 485 495 490 497 458 451 442 442 443 441 443 439 439 439 439 439 465 452 474 505 545 553 577 558 568 534 556 575 576 610 602 623 586 586 631 634 669 630 608 631 631 627 574 553 573 577 583 586 593 624 631 666 668 675 670 668 644 647 612 612 612 642 656 674 645 645 686 712 755 793 764 786 651 651 694 684 684 727 767 780 822
478 480 484 490 492 497 469 445 442 443 442 443 442 442 439 440 441 443 453 491 474 517 551 579 573 643 625 594 542 534 556 569 613 596 596 602 654 671 691 644 606 582 574 622 577 553 553 581 580 578 594 619 628 672 662 645 687 696 679 653 648 644 642 666 690 678 713 716 645 695 783 798 775 750 665 656 660 777 757 749 684 774 851 869
477 483 487 496 488 449 442 442 442 443 443 444 444 442 443 442 444 454 470 499 522 544 560 598 647 661 621 593 534 596 589 576 612 600 614 641 654 667 696 665 640 614 563 563 563 571 578 582 586 578 587 648 687 641 641 644 653 664 653 659 644 676 660 659 659 692 734 742 664 645 741 790 723 698 679 671 710 777 783 799 754 729 821 834
479 474 481 476 461 443 444 445 442 443 443 443 444 442 443 446 448 473 486 520 525 580 578 639 652 650 593 580 534 607 607 603 610 621 635 672 644 664 665 653 602 563 563 563 579 580 582 584 578 589 580 607 627 645 682 707 655 653 677 657 658 662 659 664 693 723 730 759 754 720 705 698 698 709 723 723 723 779 822 792 785 732 729 729
489 463 485 448 446 444 443 445 442 444 443 446 444 443 446 459 458 489 498 521 519 530 547 547 555 617 534 534 553 611 605 615 611 623 673 702 684 625 597 583 563 563 576 563 585 569 569 579 596 613 619 602 641 662 666 658 677 690 756 714 657 670 667 665 678 730 744 762 751 759 746 727 698 750 743 738 741 785 780 741 800 766 780 748
470 463 465 459 445 447 445 443 444 444 446 446 447 443 448 458 462 485 498 513 533 559 558 553 562 571 625 610 611 609 615 614 616 628 651 672 680 616 563 563 563 578 619 563 563 569 579 600 638 637 652 636 635 657 664 658 659 702 741 709 669 676 666 693 683 708 745 743 768 750 742 698 698 782 830 794 773 741 741 816 814 825 830 798
476 467 463 462 456 470 447 444 445 444 444 447 452 462 465 474 474 475 496 537 566 601 553 562 621 651 672 654 640 637 619 665 644 676 655 613 581 563 579 583 602 613 621 594 576 563 563 626 633 671 694 661 658 648 688 658 658 714 723 692 669 682 724 710 691 708 734 769 794 783 755 698 744 778 814 816 784 757 741 741 743 771 852 851
491 471 467 472 471 475 485 492 451 446 449 449 474 490 475 472 477 482 482 526 583 584 578 634 662 661 654 655 665 667 712 691 711 655 633 605 566 581 614 622 657 635 620 579 598 592 599 581 661 671 684 658 648 648 667 664 658 732 716 679 685 693 716 724 738 704 759 765 747 728 698 724 778 782 786 805 759 741 779 786 745 743 780 758
553 495 503 487 494 519 508 469 454 447 446 449 490 480 472 498 524 528 510 548 563 556 634 641 631 626 642 659 668 686 706 732 703 647 599 599 589 589 619 653 644 610 610 637 601 602 581 627 683 680 692 663 648 649 655 655 655 736 723 694 679 720 741 750 773 758 744 768 733 698 756 757 782 782 782 812 791 798 799 815 838 840 749 808
558 513 506 507 553 516 472 462 468 449 459 486 482 478 481 530 587 629 538 555 555 566 600 615 621 648 661 658 690 675 665 675 614 599 612 633 633 635 623 619 625 622 642 670 632 622 581 632 679 697 670 662 655 662 664 667 664 674 702 679 688 786 828 800 777 787 754 748 737 698 773 795 808 793 801 797 806 801 799 797 817 793 762 801
574 556 540 546 534 505 473 466 463 454 483 483 524 512 514 637 673 638 562 563 566 604 627 634 650 661 654 667 694 710 689 653 624 599 627 638 660 640 632 648 649 651 643 647 628 581 624 625 665 680 663 654 660 652 704 751 729 779 749 720 739 774 844 867 807 775 813 749 765 698 769 795 797 805 813 852 803 805 797 797 795 777 775 858
631 578 556 535 524 500 460 459 454 481 475 508 535 579 632 623 636 634 582 565 568 573 619 652 667 645 659 725 727 713 714 667 643 644 684 654 651 673 673 681 673 667 683 664 635 599 592 646 696 682 640 640 640 678 694 742 756 772 789 764 796 775 812 809 832 835 791 784 764 813 800 829 818 824 819 826 841 814 796 803 778 775 775 802
654 599 541 540 506 507 459 458 454 492 521 497 514 574 597 635 634 636 597 612 588 594 582 600 612 613 612 624 634 708 633 624 655 672 680 662 675 718 722 707 683 698 685 638 592 592 592 620 623 623 661 651 654 650 655 687 709 748 762 780 757 810 843 810 804 807 784 840 764 807 830 868 833 818 840 840 840 830 810 796 775 775 775 775
