test/files/file.asc
ncols        256
nrows        256
xllcorner    3997369.000000000000
yllcorner    2583847.000000000000
cellsize     500.000000000000
NODATA_value -9999
[rows 76 to 113 of 256, columns 168 to 251 of 256]
-9999 -9999 -9999 -9999 -9999 -9999 -9999 -9999 1053 1107 1091 1091 1076 975 869 869 869 869 822 876 920 1082 1099 1094 1133 1172 1128 1222 1324 1310 1331 1480 1518 1525 1531 1411 1378 1242 1139 1081 1026 1093 1093 1102 1175 1308 1301 1322 1310 1207 1026 929 912 999 959 928 874 754 671 543 477 439 437 437 479 444 449 451 491 506 480 452 437 437 437 437 437 437 437 437 437 437 437 450
-9999 -9999 -9999 -9999 -9999 -9999 -9999 1067 1091 1077 1065 1065 908 870 869 875 1006 1078 1086 1102 1107 1090 1099 1112 1117 1144 1201 1238 1417 1363 1415 1568 1573 1480 1417 1285 1199 1151 1043 1001 1009 1120 1281 1276 1327 1354 1328 1260 1150 1052 912 912 1082 1053 999 870 769 635 577 437 437 437 439 453 507 489 489 438 437 443 449 438 437 437 437 437 437 437 437 437 437 454 468 500
-9999 -9999 -9999 -9999 -9999 -9999 -9999 1080 1089 1071 964 924 870 874 988 1060 1101 1121 1119 1136 1147 1107 1096 1117 1126 1132 1233 1330 1410 1430 1512 1496 1458 1331 1291 1205 1135 1074 983 983 1140 1241 1250 1233 1204 1281 1256 1109 905 930 1056 1069 1065 1047 934 666 574 437 437 437 437 437 437 455 449 470 461 488 459 437 437 437 437 440 437 437 437 437 438 478 482 468 502 506
-9999 -9999 -9999 -9999 -9999 -9999 -9999 1074 1077 1018 885 871 905 1000 1075 1116 1128 1212 1195 1181 1172 1191 1191 1125 1161 1166 1299 1410 1412 1513 1465 1371 1315 1194 1130 1096 1017 984 983 1027 1111 1169 1170 1034 968 872 864 905 1010 1011 1026 1046 1024 836 715 548 447 437 437 437 437 437 437 443 465 471 456 464 448 437 437 437 437 437 448 445 437 437 552 526 539 472 493 493
-9999 -9999 -9999 1074 1051 1052 1062 1056 958 911 872 887 1074 1088 1118 1232 1235 1226 1232 1221 1188 1157 1101 1091 1157 1211 1344 1404 1501 1403 1347 1218 1175 1078 1024 991 942 926 997 1011 1010 1041 979 860 844 827 845 915 945 974 983 972 843 682 619 437 437 437 437 437 437 437 437 437 438 437 437 437 437 437 437 437 437 437 437 437 463 535 584 551 493 489 495 495
-9999 -9999 1167 1107 1069 1107 1064 977 892 892 926 1018 1134 1138 1256 1193 1183 1188 1192 1185 1163 1129 1180 1173 1085 1269 1343 1494 1421 1282 1214 1115 1089 991 926 920 890 919 938 943 927 856 832 815 803 804 880 879 917 916 952 915 714 558 459 437 437 437 437 437 440 437 437 437 437 437 437 437 437 437 437 437 437 437 437 437 543 565 547 480 462 472 482 537
-9999 1119 1136 1076 1065 1006 1006 922 940 980 1097 1113 1150 1225 1175 1183 1188 1192 1184 1200 1211 1164 1079 1026 1086 1126 1339 1203 1141 1145 1101 1017 957 922 875 876 870 877 877 867 837 814 799 790 788 800 865 856 775 741 689 504 592 437 437 437 437 437 437 456 459 455 455 440 437 458 461 455 483 437 437 437 440 437 437 437 437 438 450 462 465 475 496 496
-9999 1150 1156 1034 1006 1006 1082 1143 1095 1117 1114 1110 1151 1149 1140 1144 1128 1210 1167 1064 983 965 932 1016 1264 1298 1238 1105 1052 975 1020 927 883 869 834 826 823 816 809 808 808 799 810 812 751 849 821 737 682 669 538 437 437 437 437 437 437 437 450 476 495 503 513 531 536 538 567 553 514 437 437 437 437 437 437 437 439 444 445 461 461 465 486 503
1083 1132 1130 1006 1006 1109 1227 1189 1237 1245 1201 1178 1174 1122 1088 1175 1125 987 925 904 888 893 970 1123 1276 1161 1119 1030 997 923 893 847 838 829 819 813 810 805 813 803 802 818 831 817 735 795 745 664 628 637 437 437 437 437 437 437 437 437 439 452 498 512 553 605 599 545 535 452 437 437 437 447 437 437 437 445 447 458 476 490 494 506 505 522
1058 1160 1170 1069 1129 1168 1234 1298 1305 1324 1287 1219 1175 1060 1141 967 929 896 882 882 882 883 1054 1204 1231 1136 1069 1001 958 893 912 887 820 808 805 804 810 803 809 821 812 831 835 814 792 735 668 607 531 437 437 437 437 437 437 446 438 462 449 475 505 513 525 474 443 437 437 437 437 437 437 437 437 437 454 461 486 497 503 522 538 540 538 536
-9999 1201 1159 1142 1238 1299 1323 1349 1344 1295 1343 1209 1114 1011 971 988 1003 1003 971 935 882 951 1039 1234 1236 1120 1051 978 925 909 912 871 816 798 797 797 799 816 819 831 840 877 844 806 728 623 502 437 437 437 437 437 437 437 437 455 457 476 519 525 518 494 476 444 437 439 437 437 437 437 444 437 451 457 495 502 504 523 517 533 551 569 558 542
1191 1153 1142 1198 1321 1320 1320 1312 1389 1317 1222 1115 1094 1030 1042 1059 1015 1013 971 956 863 927 1103 1274 1273 1100 1057 946 934 976 956 892 819 795 795 795 799 870 821 907 921 851 789 747 559 518 437 437 437 437 437 437 437 437 439 447 503 514 542 569 532 481 466 439 437 437 437 437 437 437 443 437 466 506 511 518 505 523 533 529 506 543 518 517
1136 1185 1198 1201 1350 1368 1372 1334 1246 1188 1182 1114 1095 1034 1007 955 925 980 927 910 834 1007 1183 1224 1176 1103 1048 936 1024 1038 929 865 799 799 795 821 861 869 860 820 817 812 670 540 437 437 437 437 437 437 437 437 437 437 441 465 512 540 567 535 505 453 444 439 438 437 437 437 440 437 447 467 512 497 497 497 502 517 502 495 481 478 473 471
1145 1262 1278 1280 1251 1246 1233 1194 1183 1164 1133 1080 1030 927 809 816 784 775 837 806 840 1072 1185 1229 1197 1105 1018 924 1010 945 876 814 781 793 775 790 825 827 788 789 495 437 447 437 437 437 437 437 437 437 437 437 437 437 476 500 531 534 551 490 466 442 439 439 439 440 439 437 442 439 464 462 498 497 497 533 521 502 539 556 480 476 472 473
1255 1310 1288 1275 1205 1197 1183 1178 1145 1067 1011 869 824 768 757 757 757 757 780 830 840 1189 1262 1232 1165 1037 909 929 925 881 809 774 753 732 737 753 750 735 693 523 437 437 437 437 437 437 437 437 437 437 437 437 437 465 509 548 547 554 525 460 448 442 441 439 439 442 452 447 440 440 492 495 502 553 526 539 546 539 575 552 493 500 497 494
1308 1340 1339 1248 1174 1182 1152 1072 974 853 810 762 757 757 757 757 757 757 802 835 984 1204 1246 1151 1073 942 887 907 833 807 734 683 661 644 662 655 649 566 463 462 437 437 437 437 454 437 437 437 437 437 437 437 464 494 518 518 517 482 465 442 458 441 441 442 441 450 447 449 441 442 448 494 512 527 519 544 555 578 587 551 507 510 508 510
1327 1320 1280 1221 1182 1105 1040 865 832 790 768 757 757 757 757 757 757 762 806 890 1087 1149 1141 1021 919 896 900 853 757 732 665 594 568 542 557 459 454 449 437 437 437 437 437 437 437 437 437 437 437 437 437 437 486 496 494 484 465 445 442 459 454 442 441 441 441 441 446 447 442 447 448 485 490 517 512 529 565 584 562 550 534 533 544 538
1383 1299 1154 1220 1065 923 868 817 799 767 757 757 757 757 757 757 758 789 814 1020 1136 1101 1102 941 818 837 810 785 683 639 590 548 512 463 457 439 437 437 437 437 437 437 437 437 437 437 437 437 437 437 437 437 485 485 455 443 442 440 455 446 441 442 444 441 444 443 447 443 442 484 493 491 501 490 496 528 563 550 523 520 525 534 516 517
1263 1223 1078 978 929 869 839 794 786 765 757 757 757 757 757 757 757 800 835 1120 1128 1080 1070 837 762 772 650 574 572 489 460 437 437 437 437 437 437 437 437 437 437 437 437 437 437 437 437 437 437 437 451 469 456 442 440 438 443 467 440 441 443 442 442 443 443 443 450 449 447 482 482 502 510 496 495 504 506 508 508 510 510 519 513 513
1235 1170 1070 935 886 822 798 780 769 757 757 757 757 757 757 759 767 854 955 1136 1115 1028 799 731 714 648 518 470 437 437 437 437 437 437 437 437 437 437 437 437 437 437 437 437 437 437 437 437 446 485 460 437 437 437 437 446 474 439 440 441 442 443 444 446 443 444 450 466 475 468 477 501 491 491 491 497 525 526 513 519 534 513 517 520
1189 1108 1049 887 833 795 778 757 757 757 757 757 757 757 762 797 825 946 1049 1142 1103 866 666 626 606 587 470 437 437 437 437 437 437 437 437 437 437 437 437 437 437 437 437 437 437 437 437 437 486 480 437 437 437 445 437 437 439 441 441 443 443 443 445 448 446 452 446 479 493 538 521 491 491 491 495 491 512 518 543 520 521 520 523 542
1150 1049 981 823 807 785 775 757 757 757 757 757 757 757 796 870 913 1058 1136 1136 874 715 616 630 607 548 437 437 437 437 437 437 437 437 437 437 437 460 437 437 437 437 437 437 437 454 485 523 475 444 437 437 456 461 438 439 443 442 442 443 447 445 446 445 446 447 446 483 512 526 510 510 533 535 523 522 495 509 520 518 520 520 532 546
1145 903 846 807 790 768 757 757 757 757 757 757 757 811 874 1022 1075 1134 1170 1024 701 613 591 650 519 450 437 437 437 437 437 437 477 511 566 568 552 451 437 437 437 437 437 482 538 470 547 568 452 445 437 485 492 452 465 438 443 441 443 443 444 444 447 448 451 449 451 529 537 513 512 528 545 541 522 551 553 555 509 509 512 514 524 541
1041 852 832 799 784 765 757 757 757 757 757 757 870 1089 1060 1132 1145 1153 1089 812 630 576 604 641 437 437 437 437 437 437 437 442 537 561 539 490 440 437 437 437 460 498 551 538 511 498 566 506 437 437 437 461 465 447 438 441 440 441 442 443 445 445 450 449 448 451 497 550 544 517 519 548 546 526 545 567 572 567 540 522 524 524 521 523
919 837 824 789 779 757 757 757 757 757 757 905 1042 1163 1117 1055 1101 1036 764 660 580 558 607 530 444 465 465 437 437 453 447 533 588 580 488 461 444 447 444 457 469 488 504 522 561 564 483 440 437 437 439 458 438 438 439 439 440 442 441 443 443 452 494 490 452 503 541 547 524 524 567 571 548 555 598 645 603 626 627 544 538 533 536 533
866 826 808 781 757 757 757 757 757 757 821 1025 1078 1073 1035 894 819 832 657 618 556 537 512 444 456 474 467 437 437 439 525 582 539 492 461 451 460 441 449 508 548 543 587 593 549 517 437 437 437 446 438 437 437 438 439 439 441 441 444 458 465 496 528 452 482 523 534 523 523 543 578 590 629 633 655 696 653 660 662 612 584 583 614 631
853 812 801 779 759 757 757 757 757 757 885 1001 1003 941 841 736 649 616 515 544 504 487 437 458 469 463 447 437 437 437 543 527 491 484 468 462 441 461 477 537 558 545 573 557 487 453 437 437 455 456 438 437 437 438 438 438 440 441 455 465 498 496 452 474 502 523 523 524 526 582 603 600 681 664 716 695 669 666 662 625 602 601 652 662
831 804 786 777 757 772 767 757 757 812 832 863 848 748 715 659 542 523 443 437 437 463 437 465 465 445 442 437 437 437 437 437 437 437 453 438 450 494 532 528 540 551 537 526 461 450 437 457 458 461 452 437 440 438 438 438 439 453 467 500 477 452 454 511 526 554 564 586 578 621 623 629 686 725 753 709 688 692 667 646 649 624 675 673
806 797 789 783 779 799 784 773 759 757 736 729 735 664 625 601 482 437 437 437 437 437 443 460 454 447 437 437 440 437 437 437 437 437 437 437 457 475 501 511 499 504 481 497 437 437 437 469 474 458 437 437 437 438 437 438 454 475 488 491 476 452 487 553 571 584 626 622 647 637 677 646 741 771 772 761 742 724 714 646 670 668 667 664
780 795 787 809 811 794 787 653 710 682 673 662 647 604 504 479 437 437 437 437 437 437 437 437 437 437 437 437 443 438 437 437 437 437 437 437 437 472 480 483 472 457 444 439 437 437 438 437 444 437 437 437 437 437 437 437 481 529 531 506 479 452 545 580 583 618 657 679 700 679 762 808 834 806 768 742 759 712 711 675 678 683 675 675
779 789 767 747 794 773 733 681 650 636 620 580 544 480 454 459 437 437 437 437 437 437 437 437 437 437 437 437 438 443 437 437 437 437 437 437 437 441 452 471 465 475 465 465 438 437 437 437 437 437 437 437 437 437 437 441 504 525 497 467 460 498 578 594 614 701 717 777 793 785 796 790 763 762 763 763 789 687 664 644 673 669 669 677
707 691 669 644 642 582 664 642 573 573 541 476 437 437 437 437 437 437 437 437 437 437 437 437 437 437 437 437 437 441 437 437 437 437 437 437 437 437 437 444 450 453 442 448 453 437 437 437 437 437 437 437 437 437 443 485 523 515 493 460 460 585 599 606 614 692 775 787 806 812 828 828 817 742 740 656 640 657 623 623 638 644 671 677
630 617 606 592 554 534 525 532 514 477 481 437 437 437 437 437 437 437 437 437 437 437 437 437 437 437 437 437 437 437 440 437 437 437 437 437 437 437 437 437 437 437 439 437 437 437 437 437 443 437 437 437 437 439 467 515 513 506 534 460 501 554 574 559 619 660 713 714 704 736 772 771 747 686 664 624 625 631 631 627 623 650 657 663
609 580 543 541 517 494 473 447 437 437 437 437 437 437 437 437 437 437 437 437 437 437 437 437 437 437 437 437 437 437 438 437 437 437 437 437 437 437 437 437 437 437 448 437 437 437 437 437 437 437 437 437 437 442 467 475 497 542 516 464 461 544 525 619 633 651 688 690 677 681 689 742 726 633 622 621 622 626 630 624 613 613 623 617
552 533 476 450 438 437 437 437 437 437 437 437 437 437 437 437 437 437 437 437 437 437 437 437 437 437 437 437 437 437 437 437 437 437 437 437 446 440 437 437 437 437 448 437 437 437 437 437 437 437 437 437 437 455 483 500 506 518 513 538 522 462 526 599 629 622 631 642 634 651 649 642 638 619 619 629 661 653 635 633 623 626 599 585
510 488 455 437 437 437 437 437 437 437 437 437 437 437 437 437 437 437 437 437 437 437 437 437 437 437 437 437 437 437 437 437 437 437 437 437 448 437 437 437 442 437 437 437 437 437 437 437 437 437 437 437 448 463 484 499 496 512 514 535 547 463 532 583 591 601 568 572 633 644 647 651 640 628 619 642 643 644 630 634 622 618 588 584
472 444 437 437 437 437 437 437 437 437 437 437 437 437 437 437 437 437 437 437 437 437 437 437 437 437 437 437 437 437 437 437 437 437 437 437 437 437 437 437 437 437 437 437 437 437 437 437 437 437 437 439 459 471 494 493 499 527 550 518 464 467 576 582 580 579 532 575 583 620 623 628 623 604 596 592 623 630 625 621 603 586 581 588
467 440 437 437 437 437 437 437 437 437 437 437 437 437 437 437 437 437 437 437 437 437 437 437 437 437 437 437 439 437 437 437 437 437 437 437 442 443 437 437 437 437 437 437 437 437 437 437 437 437 437 441 462 459 475 495 497 517 517 464 464 489 485 525 512 547 532 619 617 620 622 617 638 595 604 577 603 602 602 601 580 583 596 576
